0	0	724.000	3010.000	0.241
0	50	853.000	3042.000	0.280
0	100	523.000	1681.000	0.311
0	150	1084.000	3208.000	0.338
0	200	1162.000	3353.000	0.347
0	250	1220.000	3255.000	0.375
0	300	1218.000	3486.000	0.349
0	350	1217.000	3424.000	0.355
0	400	1236.000	3341.000	0.370
0	450	1322.000	3338.000	0.396
0	500	1322.000	3365.000	0.393
0	550	1348.000	3257.000	0.414
0	600	1416.000	3421.000	0.414
0	650	1430.000	3277.000	0.436
0	700	1477.000	3349.000	0.441
0	750	1494.000	3339.000	0.447
0	800	1474.000	3294.000	0.447
0	850	1530.000	3469.000	0.441
0	900	1599.000	3368.000	0.475
0	950	1502.000	3310.000	0.454
0	1000	1589.000	3291.000	0.483
0	1050	1645.000	3323.000	0.495
0	1100	1765.000	3579.000	0.493
0	1150	1688.000	3454.000	0.489
0	1200	1729.000	3327.000	0.520
0	1250	1818.000	3436.000	0.529
0	1300	1929.000	3428.000	0.563
0	1350	1845.000	3352.000	0.550
0	1400	1904.000	3358.000	0.567
0	1450	1940.000	3381.000	0.574
0	1500	1890.000	3314.000	0.570
0	1550	1931.000	3162.000	0.611
0	1600	2029.000	3371.000	0.602
0	1650	2089.000	3364.000	0.621
0	1700	2019.000	3437.000	0.587
0	1750	2144.000	3443.000	0.623
0	1800	2189.000	3455.000	0.634
0	1850	2134.000	3425.000	0.623
0	1900	2199.000	3542.000	0.621
0	1950	2256.000	3408.000	0.662
0	2000	2316.000	3375.000	0.686
0	2050	2454.000	3364.000	0.729
0	2100	2360.000	3372.000	0.700
0	2150	2371.000	3444.000	0.688
0	2200	2400.000	3362.000	0.714
0	2250	2443.000	3399.000	0.719
0	2300	2394.000	3399.000	0.704
0	2350	2431.000	3331.000	0.730
0	2400	2450.000	3397.000	0.721
0	2450	2493.000	3341.000	0.746
0	2500	2560.000	3311.000	0.773
0	2550	2498.000	3388.000	0.737
0	2600	2699.000	3385.000	0.797
0	2650	2601.000	3192.000	0.815
0	2700	2504.000	3311.000	0.756
0	2750	2417.000	3339.000	0.724
0	2800	2415.000	3318.000	0.728
0	2850	2243.000	3323.000	0.675
0	2900	2002.000	3303.000	0.606
0	2950	1849.000	3254.000	0.568
0	3000	1700.000	3411.000	0.498
0	3050	1575.000	3344.000	0.471
0	3100	1522.000	3191.000	0.477
0	3150	1346.000	3249.000	0.414
0	3200	1179.000	3348.000	0.352
0	3250	1029.000	3388.000	0.304
0	3300	886.000	3324.000	0.267
0	3350	765.000	3307.000	0.231
0	3400	672.000	3271.000	0.205
0	3450	537.000	3312.000	0.162
0	3500	424.000	3403.000	0.125
				
				
				
				
				
				
				
				
				
				
				
				
				
				
				
				
				
				
				
				
				
				
				
				
				
				
				
				
				
				
				
				
				
				
				
				
				
				
				
				
				
				
				
				
				
				
				
				
				
				
				
				
				
				
				
				
				
				
				
				
				
				
				
				
				
				
				
				
				
				
				
				
				
				
				
				
				
				
				
				
				
				
				
				
				
				
				
				
				
				
				
				
				
				
				
				
				
				
				
				
				
				
				
				
				
				
				
				
				
				
				
				
				
				
				
				
				
				
				
				
				
				
				
				
				
				
				
				
				
				
				
				
				
				
				
				
				
				
				
				
				
				
				
				
				
				
				
				
				
				
				
				
				
				
				
				
				
				
				
				
				
				
				
				
				
				
				
				
				
				
				
				
				
				
				
				
				
				
				
				
				
				
				
				
				
				
				
				
				
				
				
				
				
				
				
				
				
				
				
				
				
				
				
				
				
				
				
				
				
				
				
				
				
				
				
				
				
				
				
				
				
				
				
				
				
				
				
				
				
				
				
				
				
				
				
				
				
				
				
				
				
				
				
				
				
				
				
				
				
				
				
				
				
				
				
				
				
				
				
				
				
				
				
				
				
				
				
				
				
				
				
				
				
				
				
				
				
				
				
				
				
				
				
				
				
				
				
				
				
				
				
				
				
				
				
				
				
				
				
				
				
				
				
				
				
				
				
				
				
				
				
				
				
				
				
				
				
				
				
				
				
				
				
				
				
				
				
				
				
				
				
				
				
				
				
				
				
				
				
				
				
				
				
				
				
				
				
				
				
				
				
				
				
				
				
				
				
				
				
				
				
				
				
				
				
				
				
				
				
				
				
				
				
				
				
				
				
				
				
				
				
				
				
				
				
				
				
				
				
				
				
				
				
				
				
				
				
				
				
				
				
				
				
				
				
				
				
				
				
				
				
				
				
				
				
				
				
				
				
				
				
				
				
				
				
				
				
				
				
				
				
				
				
				
				
				
				
				
				
				
				
				
				
				
				
				
				
				
				
				
				
				
				
				
				
				
				
				
				
				
				
				
				
				
				
				
				
				
				
				
				
				
				
				
				
				
				
				
				
				
				
				
				
				
				
				
				
				
				
				
				
				
				
				
				
				
				
				
				
				
				
				
				
				
				
				
				
				
				
				
				
				
				
				
				
				
				
				
				
				
				
				
				
				
				
				
				
				
				
				
				
				
				
				
				
				
				
				
				
				
				
				
				
				
				
				
				
				
				
				
				
				
				
				
				
				
				
				
				
				
				
				
				
				
				
				
				
				
				
				
				
				
				
				
				
				
				
				
				
				
				
				
				
				
				
				
				
				
				
				
				
				
				
				
				
				
				
				
				
				
				
				
				
				
				
				
				
				
				
				
				
				
				
				
				
				
				
				
				
				
				
				
				
				
				
				
				
				
				
				
				
				
				
				
				
				
				
				
				
				
				
				
				
				
				
				
				
				
				
				
				
				
				
				
				
				
				
				
				
				
				
				
				
				
				
				
				
				
				
				
				
				
				
				
				
				
				
				
				
				
				
				
				
				
				
				
				
				
				
				
				
				
				
				
				
				
				
				
				
				
				
				
				
				
				
				
				
				
				
				
				
				
				
				
				
				
				
				
				
				
				
				
				
				
				
				
				
				
				
				
				
				
				
				
				
				
				
				
				
				
				
				
				
				
				
				
				
				
				
				
				
				
				
				
				
				
				
				
				
				
				
				
				
				
				
				
				
				
				
				
				
				
				
				
				
				
				
				
				
				
				
				
				
				
				
				
				
				
				
				
				
				
				
				
				
				
				
				
				
				
				
				
				
				
				
				
				
				
				
				
				
				
				
				
				
				
				
				
				
				
				
				
				
				
				
				
				
				
				
				
				
				
				
				
				
				
				
				
				
				
				
				
				
				
				
				
				
				
				
				
				
				
				
				
				
				
				
				
				
				
				
				
				
				
				
				
				
				
				
				
				
				
				
				
				
				
				
				
				
				
				
				
				
				
				
				
				
				
				
				
				
				
				
				
				
				
				
				
				
				
				
				
				
				
				
				
				
				
				
				
				
				
				
				
				
				
				
				
				
				
				
				
				
				
				
				
				
				
				
