0	-50	63.000	3326.000	0.019
0	0	68.000	3229.000	0.021
0	50	81.000	3305.000	0.025
0	100	98.000	3362.000	0.029
0	150	101.000	3291.000	0.031
0	200	125.000	3324.000	0.038
0	250	127.000	3473.000	0.037
0	300	124.000	3428.000	0.036
0	350	155.000	3532.000	0.044
0	400	158.000	3475.000	0.045
0	450	176.000	3487.000	0.050
0	500	161.000	3422.000	0.047
0	550	195.000	3360.000	0.058
0	600	174.000	3326.000	0.052
0	650	219.000	3343.000	0.066
0	700	208.000	3299.000	0.063
0	750	235.000	3389.000	0.069
0	800	239.000	3281.000	0.073
0	850	255.000	3301.000	0.077
0	900	259.000	3254.000	0.080
0	950	271.000	3214.000	0.084
0	1000	274.000	3227.000	0.085
0	1050	283.000	3302.000	0.086
0	1100	312.000	3291.000	0.095
0	1150	308.000	3197.000	0.096
0	1200	317.000	3407.000	0.093
0	1250	349.000	3268.000	0.107
0	1300	317.000	3352.000	0.095
0	1350	360.000	3339.000	0.108
0	1400	316.000	3357.000	0.094
0	1450	411.000	3183.000	0.129
0	1500	357.000	3258.000	0.110
0	1550	433.000	3318.000	0.131
0	1600	387.000	3264.000	0.119
0	1650	438.000	3369.000	0.130
0	1700	411.000	3281.000	0.125
0	1750	424.000	3258.000	0.130
0	1800	456.000	3292.000	0.139
0	1850	464.000	3341.000	0.139
0	1900	498.000	3210.000	0.155
0	1950	511.000	3258.000	0.157
0	2000	465.000	3222.000	0.144
0	2050	470.000	3247.000	0.145
0	2100	552.000	3368.000	0.164
0	2150	510.000	3254.000	0.157
0	2200	518.000	3242.000	0.160
0	2250	549.000	3314.000	0.166
0	2300	571.000	3381.000	0.169
0	2350	542.000	3243.000	0.167
0	2400	565.000	3272.000	0.173
0	2450	583.000	3299.000	0.177
0	2500	595.000	3401.000	0.175
0	2550	635.000	3250.000	0.195
0	2600	616.000	3392.000	0.182
0	2650	534.000	3351.000	0.159
0	2700	518.000	3220.000	0.161
0	2750	536.000	3231.000	0.166
0	2800	490.000	3201.000	0.153
0	2850	476.000	3173.000	0.150
0	2900	449.000	3121.000	0.144
0	2950	390.000	3114.000	0.125
0	3000	417.000	3286.000	0.127
0	3050	370.000	3252.000	0.114
0	3100	313.000	3273.000	0.096
0	3150	245.000	3156.000	0.078
0	3200	256.000	3276.000	0.078
0	3250	195.000	3239.000	0.060
0	3300	155.000	3105.000	0.050
0	3350	174.000	3112.000	0.056
0	3400	115.000	3163.000	0.036
0	3450	123.000	3172.000	0.039
0	3500	91.000	3235.000	0.028
0	3550	68.000	3281.000	0.021
0	3600	47.000	3276.000	0.014
0	3650	51.000	3072.000	0.017
0	3700	47.000	3220.000	0.015
0	3750	38.000	3169.000	0.012
0	3800	23.000	3194.000	0.007
0	3850	18.000	3186.000	0.006
0	3900	14.000	3114.000	0.004
0	3950	24.000	3122.000	0.008
0	4000	17.000	3041.000	0.006
0	4050	21.000	3036.000	0.007
0	4100	13.000	3113.000	0.004
0	4150	9.000	3123.000	0.003
0	4200	18.000	3094.000	0.006
0	4250	14.000	3213.000	0.004
0	4300	7.000	3339.000	0.002
0	4350	17.000	3362.000	0.005
0	4400	7.000	3191.000	0.002
0	4450	7.000	3208.000	0.002
0	4500	6.000	3246.000	0.002
0	4550	6.000	3194.000	0.002
0	4600	5.000	3131.000	0.002
0	4650	7.000	3157.000	0.002
0	4700	7.000	3219.000	0.002
0	4750	2.000	3001.000	0.001
0	4800	4.000	3062.000	0.001
				
				
				
				
				
				
				
				
				
				
				
				
				
				
				
				
				
				
				
				
				
				
				
				
				
				
				
				
				
				
				
				
				
				
				
				
				
				
				
				
				
				
				
				
				
				
				
				
				
				
				
				
				
				
				
				
				
				
				
				
				
				
				
				
				
				
				
				
				
				
				
				
				
				
				
				
				
				
				
				
				
				
				
				
				
				
				
				
				
				
				
				
				
				
				
				
				
				
				
				
				
				
				
				
				
				
				
				
				
				
				
				
				
				
				
				
				
				
				
				
				
				
				
				
				
				
				
				
				
				
				
				
				
				
				
				
				
				
				
				
				
				
				
				
				
				
				
				
				
				
				
				
				
				
				
				
				
				
				
				
				
				
				
				
				
				
				
				
				
				
				
				
				
				
				
				
				
				
				
				
				
				
				
				
				
				
				
				
				
				
				
				
				
				
				
				
				
				
				
				
				
				
				
				
				
				
				
				
				
				
				
				
				
				
				
				
				
				
				
				
				
				
				
				
				
				
				
				
				
				
				
				
				
				
				
				
				
				
				
				
				
				
				
				
				
				
				
				
				
				
				
				
				
				
				
				
				
				
				
				
				
				
				
				
				
				
				
				
				
				
				
				
				
				
				
				
				
				
				
				
				
				
				
				
				
				
				
				
				
				
				
				
				
				
				
				
				
				
				
				
				
				
				
				
				
				
				
				
				
				
				
				
				
				
				
				
				
				
				
				
				
				
				
				
				
				
				
				
				
				
				
				
				
				
				
				
				
				
				
				
				
				
				
				
				
				
				
				
				
				
				
				
				
				
				
				
				
				
				
				
				
				
				
				
				
				
				
				
				
				
				
				
				
				
				
				
				
				
				
				
				
				
				
				
				
				
				
				
				
				
				
				
				
				
				
				
				
				
				
				
				
				
				
				
				
				
				
				
				
				
				
				
				
				
				
				
				
				
				
				
				
				
				
				
				
				
				
				
				
				
				
				
				
				
				
				
				
				
				
				
				
				
				
				
				
				
				
				
				
				
				
				
				
				
				
				
				
				
				
				
				
				
				
				
				
				
				
				
				
				
				
				
				
				
				
				
				
				
				
				
				
				
				
				
				
				
				
				
				
				
				
				
				
				
				
				
				
				
				
				
				
				
				
				
				
				
				
				
				
				
				
				
				
				
				
				
				
				
				
				
				
				
				
				
				
				
				
				
				
				
				
				
				
				
				
				
				
				
				
				
				
				
				
				
				
				
				
				
				
				
				
				
				
				
				
				
				
				
				
				
				
				
				
				
				
				
				
				
				
				
				
				
				
				
				
				
				
				
				
				
				
				
				
				
				
				
				
				
				
				
				
				
				
				
				
				
				
				
				
				
				
				
				
				
				
				
				
				
				
				
				
				
				
				
				
				
				
				
				
				
				
				
				
				
				
				
				
				
				
				
				
				
				
				
				
				
				
				
				
				
				
				
				
				
				
				
				
				
				
				
				
				
				
				
				
				
				
				
				
				
				
				
				
				
				
				
				
				
				
				
				
				
				
				
				
				
				
				
				
				
				
				
				
				
				
				
				
				
				
				
				
				
				
				
				
				
				
				
				
				
				
				
				
				
				
				
				
				
				
				
				
				
				
				
				
				
				
				
				
				
				
				
				
				
				
				
				
				
				
				
				
				
				
				
				
				
				
				
				
				
				
				
				
				
				
				
				
				
				
				
				
				
				
				
				
				
				
				
				
				
				
				
				
				
				
				
				
				
				
				
				
				
				
				
				
				
				
				
				
				
				
				
				
				
				
				
				
				
				
				
				
				
				
				
				
				
				
				
				
				
				
				
				
				
				
				
				
				
				
				
				
				
				
				
				
				
				
				
				
				
				
				
				
				
				
				
				
				
				
				
				
				
				
				
				
				
				
				
				
				
				
				
				
				
				
				
				
				
				
				
				
				
				
				
				
				
				
				
				
				
				
				
				
				
				
				
				
				
				
				
				
				
				
				
				
				
				
				
				
				
				
				
				
				
				
				
				
				
				
				
				
				
				
				
				
				
				
				
				
				
				
				
