0	0	14.000	3171.000	0.004
0	50	10.000	3165.000	0.003
0	100	19.000	3124.000	0.006
0	150	22.000	3107.000	0.007
0	200	21.000	3143.000	0.007
0	250	19.000	3065.000	0.006
0	300	25.000	3114.000	0.008
0	350	36.000	3032.000	0.012
0	400	20.000	3056.000	0.007
0	450	19.000	3228.000	0.006
0	500	24.000	3088.000	0.008
0	550	20.000	3236.000	0.006
0	600	18.000	3091.000	0.006
0	650	13.000	3281.000	0.004
0	700	15.000	3345.000	0.004
0	750	18.000	3180.000	0.006
0	800	9.000	3198.000	0.003
0	850	10.000	3121.000	0.003
0	900	8.000	3125.000	0.003
0	950	6.000	3157.000	0.002
0	1000	1.000	3191.000	0.000
0	1050	8.000	3180.000	0.003
0	1100	8.000	3171.000	0.003
0	1150	4.000	3111.000	0.001
0	1200	6.000	3219.000	0.002
0	1250	5.000	3151.000	0.002
0	1300	3.000	3293.000	0.001
0	1350	3.000	3247.000	0.001
0	1400	4.000	3200.000	0.001
0	1450	5.000	3107.000	0.002
0	1500	6.000	3066.000	0.002
0	1550	1.000	3142.000	0.000
0	1600	2.000	3115.000	0.001
0	1650	3.000	3288.000	0.001
0	1700	3.000	3218.000	0.001
0	1750	3.000	3308.000	0.001
0	1800	2.000	3272.000	0.001
0	1850	1.000	3333.000	0.000
0	1900	1.000	3176.000	0.000
0	1950	3.000	3223.000	0.001
0	2000	4.000	3161.000	0.001
0	2050	2.000	3061.000	0.001
0	2100	4.000	3156.000	0.001
0	2150	4.000	3004.000	0.001
0	2200	6.000	3173.000	0.002
0	2250	4.000	2966.000	0.001
0	2300	2.000	3105.000	0.001
0	2350	5.000	3145.000	0.002
0	2400	3.000	3104.000	0.001
0	2450	3.000	3027.000	0.001
0	2500	4.000	3159.000	0.001
0	2550	6.000	3022.000	0.002
0	2600	4.000	3172.000	0.001
0	2650	3.000	3147.000	0.001
0	2700	3.000	3122.000	0.001
0	2750	3.000	3121.000	0.001
0	2800	1.000	3032.000	0.000
0	2850	4.000	3095.000	0.001
0	2900	6.000	3055.000	0.002
0	2950	2.000	3119.000	0.001
0	3000	0.000	0.000	NaN
0	3100	1.000	3154.000	0.000
0	3200	2.000	3087.000	0.001
0	3300	2.000	3168.000	0.001
0	3400	84.000	2224.000	0.038
				
				
				
				
				
				
				
				
				
				
				
				
				
				
				
				
				
				
				
				
				
				
				
				
				
				
				
				
				
				
				
				
				
				
				
				
				
				
				
				
				
				
				
				
				
				
				
				
				
				
				
				
				
				
				
				
				
				
				
				
				
				
				
				
				
				
				
				
				
				
				
				
				
				
				
				
				
				
				
				
				
				
				
				
				
				
				
				
				
				
				
				
				
				
				
				
				
				
				
				
				
				
				
				
				
				
				
				
				
				
				
				
				
				
				
				
				
				
				
				
				
				
				
				
				
				
				
				
				
				
				
				
				
				
				
				
				
				
				
				
				
				
				
				
				
				
				
				
				
				
				
				
				
				
				
				
				
				
				
				
				
				
				
				
				
				
				
				
				
				
				
				
				
				
				
				
				
				
				
				
				
				
				
				
				
				
				
				
				
				
				
				
				
				
				
				
				
				
				
				
				
				
				
				
				
				
				
				
				
				
				
				
				
				
				
				
				
				
				
				
				
				
				
				
				
				
				
				
				
				
				
				
				
				
				
				
				
				
				
				
				
				
				
				
				
				
				
				
				
				
				
				
				
				
				
				
				
				
				
				
				
				
				
				
				
				
				
				
				
				
				
				
				
				
				
				
				
				
				
				
				
				
				
				
				
				
				
				
				
				
				
				
				
				
				
				
				
				
				
				
				
				
				
				
				
				
				
				
				
				
				
				
				
				
				
				
				
				
				
				
				
				
				
				
				
				
				
				
				
				
				
				
				
				
				
				
				
				
				
				
				
				
				
				
				
				
				
				
				
				
				
				
				
				
				
				
				
				
				
				
				
				
				
				
				
				
				
				
				
				
				
				
				
				
				
				
				
				
				
				
				
				
				
				
				
				
				
				
				
				
				
				
				
				
				
				
				
				
				
				
				
				
				
				
				
				
				
				
				
				
				
				
				
				
				
				
				
				
				
				
				
				
				
				
				
				
				
				
				
				
				
				
				
				
				
				
				
				
				
				
				
				
				
				
				
				
				
				
				
				
				
				
				
				
				
				
				
				
				
				
				
				
				
				
				
				
				
				
				
				
				
				
				
				
				
				
				
				
				
				
				
				
				
				
				
				
				
				
				
				
				
				
				
				
				
				
				
				
				
				
				
				
				
				
				
				
				
				
				
				
				
				
				
				
				
				
				
				
				
				
				
				
				
				
				
				
				
				
				
				
				
				
				
				
				
				
				
				
				
				
				
				
				
				
				
				
				
				
				
				
				
				
				
				
				
				
				
				
				
				
				
				
				
				
				
				
				
				
				
				
				
				
				
				
				
				
				
				
				
				
				
				
				
				
				
				
				
				
				
				
				
				
				
				
				
				
				
				
				
				
				
				
				
				
				
				
				
				
				
				
				
				
				
				
				
				
				
				
				
				
				
				
				
				
				
				
				
				
				
				
				
				
				
				
				
				
				
				
				
				
				
				
				
				
				
				
				
				
				
				
				
				
				
				
				
				
				
				
				
				
				
				
				
				
				
				
				
				
				
				
				
				
				
				
				
				
				
				
				
				
				
				
				
				
				
				
				
				
				
				
				
				
				
				
				
				
				
				
				
				
				
				
				
				
				
				
				
				
				
				
				
				
				
				
				
				
				
				
				
				
				
				
				
				
				
				
				
				
				
				
				
				
				
				
				
				
				
				
				
				
				
				
				
				
				
				
				
				
				
				
				
				
				
				
				
				
				
				
				
				
				
				
				
				
				
				
				
				
				
				
				
				
				
				
				
				
				
				
				
				
				
				
				
				
				
				
				
				
				
				
				
				
				
				
				
				
				
				
				
				
				
				
				
				
				
				
				
				
				
				
				
				
				
				
				
				
				
				
				
				
				
				
				
				
				
				
				
				
				
				
				
				
				
				
				
				
				
				
				
				
				
				
				
				
				
				
				
				
				
				
				
				
				
				
				
				
				
				
				
				
				
				
				
				
				
				
				
				
				
				
				
				
				
				
				
				
				
				
				
				
				
				
				
				
				
				
				
				
				
				
				
				
				
				
				
				
				
				
				
				
				
				
				
				
				
				
				
				
				
				
				
				
				
				
				
				
				
				
				
				
				
				
				
				
				
				
				
				
				
				
				
				
				
				
				
