0	0	72.000	2164.000	0.033
0	50	81.000	2056.000	0.039
0	100	75.000	2323.000	0.032
0	150	38.000	2238.000	0.017
0	200	46.000	2106.000	0.022
0	250	46.000	2097.000	0.022
0	300	39.000	2088.000	0.019
0	350	38.000	1966.000	0.019
0	400	61.000	1939.000	0.031
0	450	46.000	2061.000	0.022
0	500	53.000	1982.000	0.027
0	550	62.000	2074.000	0.030
0	600	61.000	2019.000	0.030
0	650	52.000	1945.000	0.027
0	700	71.000	1968.000	0.036
0	750	65.000	2054.000	0.032
0	800	81.000	2067.000	0.039
0	850	75.000	2071.000	0.036
0	900	78.000	2135.000	0.037
0	950	63.000	2057.000	0.031
0	1000	62.000	2078.000	0.030
0	1050	64.000	2119.000	0.030
0	1100	80.000	2058.000	0.039
0	1150	84.000	2037.000	0.041
0	1200	87.000	1990.000	0.044
0	1250	88.000	1997.000	0.044
0	1300	74.000	2056.000	0.036
0	1350	90.000	2165.000	0.042
0	1400	86.000	2199.000	0.039
0	1450	111.000	2139.000	0.052
0	1500	94.000	2103.000	0.045
0	1550	108.000	2044.000	0.053
0	1600	89.000	2003.000	0.044
0	1650	107.000	2091.000	0.051
0	1700	91.000	1954.000	0.047
0	1750	116.000	2048.000	0.057
0	1800	72.000	2027.000	0.036
0	1850	124.000	2061.000	0.060
0	1900	104.000	2000.000	0.052
0	1950	109.000	1946.000	0.056
0	2000	120.000	2131.000	0.056
0	2050	120.000	2046.000	0.059
0	2100	113.000	1984.000	0.057
0	2150	127.000	2019.000	0.063
0	2200	134.000	2159.000	0.062
0	2250	116.000	2013.000	0.058
0	2300	133.000	2048.000	0.065
0	2350	116.000	2657.000	0.044
0	2400	148.000	2174.000	0.068
0	2450	116.000	2231.000	0.052
0	2500	130.000	2196.000	0.059
0	2550	137.000	2331.000	0.059
0	2600	133.000	2430.000	0.055
0	2650	129.000	2455.000	0.053
0	2700	116.000	2287.000	0.051
0	2750	114.000	2288.000	0.050
0	2800	117.000	2244.000	0.052
0	2850	109.000	2315.000	0.047
0	2900	127.000	2382.000	0.053
0	2950	127.000	2290.000	0.055
0	3000	100.000	2254.000	0.044
0	3050	88.000	2304.000	0.038
0	3100	93.000	2338.000	0.040
0	3150	95.000	2376.000	0.040
0	3200	94.000	2316.000	0.041
0	3250	74.000	2321.000	0.032
0	3300	89.000	2332.000	0.038
0	3350	57.000	2510.000	0.023
0	3400	48.000	2605.000	0.018
0	3450	40.000	2597.000	0.015
0	3500	47.000	2435.000	0.019
0	3550	44.000	2435.000	0.018
0	3600	31.000	2582.000	0.012
0	3650	14.000	2611.000	0.005
0	3700	17.000	2615.000	0.007
0	3750	15.000	2736.000	0.005
0	3800	11.000	2640.000	0.004
0	3850	10.000	2802.000	0.004
0	3900	4.000	2503.000	0.002
0	3950	12.000	2728.000	0.004
0	4000	5.000	2600.000	0.002
0	4050	6.000	2660.000	0.002
0	4100	6.000	2519.000	0.002
0	4150	4.000	2634.000	0.002
0	4200	3.000	2619.000	0.001
0	4250	4.000	2725.000	0.001
0	4300	1.000	2667.000	0.000
0	4350	0.000	2876.000	0.000
0	4400	5.000	2871.000	0.002
0	4450	2.000	2843.000	0.001
0	4500	2.000	2724.000	0.001
0	4550	1.000	2605.000	0.000
0	4600	0.000	2648.000	0.000
0	4650	1.000	2711.000	0.000
0	4700	3.000	2791.000	0.001
0	4750	0.000	2576.000	0.000
0	4800	1.000	2634.000	0.000
0	4850	2.000	3254.000	0.001
0	4900	1.000	2788.000	0.000
0	4950	0.000	1941.000	0.000
0	5000	3.000	2016.000	0.001
0	5050	3.000	1979.000	0.002
0	5100	1.000	1978.000	0.001
0	5150	5.000	2750.000	0.002
0	5200	1.000	2132.000	0.000
				
				
				
				
				
				
				
				
				
				
				
				
				
				
				
				
				
				
				
				
				
				
				
				
				
				
				
				
				
				
				
				
				
				
				
				
				
				
				
				
				
				
				
				
				
				
				
				
				
				
				
				
				
				
				
				
				
				
				
				
				
				
				
				
				
				
				
				
				
				
				
				
				
				
				
				
				
				
				
				
				
				
				
				
				
				
				
				
				
				
				
				
				
				
				
				
				
				
				
				
				
				
				
				
				
				
				
				
				
				
				
				
				
				
				
				
				
				
				
				
				
				
				
				
				
				
				
				
				
				
				
				
				
				
				
				
				
				
				
				
				
				
				
				
				
				
				
				
				
				
				
				
				
				
				
				
				
				
				
				
				
				
				
				
				
				
				
				
				
				
				
				
				
				
				
				
				
				
				
				
				
				
				
				
				
				
				
				
				
				
				
				
				
				
				
				
				
				
				
				
				
				
				
				
				
				
				
				
				
				
				
				
				
				
				
				
				
				
				
				
				
				
				
				
				
				
				
				
				
				
				
				
				
				
				
				
				
				
				
				
				
				
				
				
				
				
				
				
				
				
				
				
				
				
				
				
				
				
				
				
				
				
				
				
				
				
				
				
				
				
				
				
				
				
				
				
				
				
				
				
				
				
				
				
				
				
				
				
				
				
				
				
				
				
				
				
				
				
				
				
				
				
				
				
				
				
				
				
				
				
				
				
				
				
				
				
				
				
				
				
				
				
				
				
				
				
				
				
				
				
				
				
				
				
				
				
				
				
				
				
				
				
				
				
				
				
				
				
				
				
				
				
				
				
				
				
				
				
				
				
				
				
				
				
				
				
				
				
				
				
				
				
				
				
				
				
				
				
				
				
				
				
				
				
				
				
				
				
				
				
				
				
				
				
				
				
				
				
				
				
				
				
				
				
				
				
				
				
				
				
				
				
				
				
				
				
				
				
				
				
				
				
				
				
				
				
				
				
				
				
				
				
				
				
				
				
				
				
				
				
				
				
				
				
				
				
				
				
				
				
				
				
				
				
				
				
				
				
				
				
				
				
				
				
				
				
				
				
				
				
				
				
				
				
				
				
				
				
				
				
				
				
				
				
				
				
				
				
				
				
				
				
				
				
				
				
				
				
				
				
				
				
				
				
				
				
				
				
				
				
				
				
				
				
				
				
				
				
				
				
				
				
				
				
				
				
				
				
				
				
				
				
				
				
				
				
				
				
				
				
				
				
				
				
				
				
				
				
				
				
				
				
				
				
				
				
				
				
				
				
				
				
				
				
				
				
				
				
				
				
				
				
				
				
				
				
				
				
				
				
				
				
				
				
				
				
				
				
				
				
				
				
				
				
				
				
				
				
				
				
				
				
				
				
				
				
				
				
				
				
				
				
				
				
				
				
				
				
				
				
				
				
				
				
				
				
				
				
				
				
				
				
				
				
				
				
				
				
				
				
				
				
				
				
				
				
				
				
				
				
				
				
				
				
				
				
				
				
				
				
				
				
				
				
				
				
				
				
				
				
				
				
				
				
				
				
				
				
				
				
				
				
				
				
				
				
				
				
				
				
				
				
				
				
				
				
				
				
				
				
				
				
				
				
				
				
				
				
				
				
				
				
				
				
				
				
				
				
				
				
				
				
				
				
				
				
				
				
				
				
				
				
				
				
				
				
				
				
				
				
				
				
				
				
				
				
				
				
				
				
				
				
				
				
				
				
				
				
				
				
				
				
				
				
				
				
				
				
				
				
				
				
				
				
				
				
				
				
				
				
				
				
				
				
				
				
				
				
				
				
				
				
				
				
				
				
				
				
				
				
				
				
				
				
				
				
				
				
				
				
				
				
				
				
				
				
				
				
				
				
				
				
				
				
				
				
				
				
				
				
				
				
				
				
				
				
				
				
				
				
				
				
				
				
				
				
				
				
				
				
				
				
				
				
				
				
				
				
				
				
				
				
				
				
				
				
				
				
				
				
				
				
				
				
				
				
				
				
				
				
				
				
				
				
				
				
				
				
				
				
				
				
				
				
				
