0	0	1274.000	3282.000	0.388
0	50	1298.000	3277.000	0.396
0	100	764.000	3146.000	0.243
0	150	1258.000	3096.000	0.406
0	200	1336.000	3272.000	0.408
0	250	1293.000	3237.000	0.399
0	300	1327.000	3304.000	0.402
0	350	1292.000	3134.000	0.412
0	400	1349.000	3191.000	0.423
0	450	1312.000	3182.000	0.412
0	500	1330.000	3152.000	0.422
0	550	1400.000	3224.000	0.434
0	600	1355.000	3248.000	0.417
0	650	1486.000	3049.000	0.487
0	700	1467.000	3201.000	0.458
0	750	1440.000	3185.000	0.452
0	800	1494.000	3251.000	0.460
0	850	1522.000	3264.000	0.466
0	900	1546.000	3225.000	0.479
0	950	1625.000	3217.000	0.505
0	1000	1615.000	3211.000	0.503
0	1050	1593.000	3323.000	0.479
0	1100	1812.000	3250.000	0.558
0	1150	1866.000	3284.000	0.568
0	1200	1835.000	3203.000	0.573
0	1250	1977.000	3260.000	0.606
0	1300	2013.000	3260.000	0.617
0	1350	2050.000	3300.000	0.621
0	1400	2064.000	3221.000	0.641
0	1450	2132.000	3305.000	0.645
0	1500	2165.000	3141.000	0.689
0	1550	2153.000	3093.000	0.696
0	1600	2116.000	3233.000	0.655
0	1650	2351.000	3135.000	0.750
0	1700	2347.000	3154.000	0.744
0	1750	2332.000	3149.000	0.741
0	1800	2321.000	3224.000	0.720
0	1850	2474.000	3256.000	0.760
0	1900	2487.000	3295.000	0.755
0	1950	2539.000	3260.000	0.779
0	2000	2576.000	3166.000	0.814
0	2050	2667.000	3184.000	0.838
0	2100	2672.000	3219.000	0.830
0	2150	2629.000	3157.000	0.833
0	2200	0.000	2729.000	0.000
0	2250	2787.000	3224.000	0.864
0	2300	2825.000	3230.000	0.875
0	2350	2904.000	3099.000	0.937
0	2400	2921.000	3280.000	0.891
0	2450	3001.000	3235.000	0.928
0	2500	3125.000	3290.000	0.950
0	2550	3103.000	3279.000	0.946
0	2600	3234.000	3170.000	1.020
0	2650	3150.000	3183.000	0.990
0	2700	3284.000	3302.000	0.995
0	2750	3244.000	3261.000	0.995
0	2800	3306.000	3200.000	1.033
0	2850	3270.000	3159.000	1.035
0	2900	3352.000	3194.000	1.049
0	2950	3409.000	3384.000	1.007
0	3000	3431.000	3226.000	1.064
				
				
				
				
				
				
				
				
				
				
				
				
				
				
				
				
				
				
				
				
				
				
				
				
				
				
				
				
				
				
				
				
				
				
				
				
				
				
				
				
				
				
				
				
				
				
				
				
				
				
				
				
				
				
				
				
				
				
				
				
				
				
				
				
				
				
				
				
				
				
				
				
				
				
				
				
				
				
				
				
				
				
				
				
				
				
				
				
				
				
				
				
				
				
				
				
				
				
				
				
				
				
				
				
				
				
				
				
				
				
				
				
				
				
				
				
				
				
				
				
				
				
				
				
				
				
				
				
				
				
				
				
				
				
				
				
				
				
				
				
				
				
				
				
				
				
				
				
				
				
				
				
				
				
				
				
				
				
				
				
				
				
				
				
				
				
				
				
				
				
				
				
				
				
				
				
				
				
				
				
				
				
				
				
				
				
				
				
				
				
				
				
				
				
				
				
				
				
				
				
				
				
				
				
				
				
				
				
				
				
				
				
				
				
				
				
				
				
				
				
				
				
				
				
				
				
				
				
				
				
				
				
				
				
				
				
				
				
				
				
				
				
				
				
				
				
				
				
				
				
				
				
				
				
				
				
				
				
				
				
				
				
				
				
				
				
				
				
				
				
				
				
				
				
				
				
				
				
				
				
				
				
				
				
				
				
				
				
				
				
				
				
				
				
				
				
				
				
				
				
				
				
				
				
				
				
				
				
				
				
				
				
				
				
				
				
				
				
				
				
				
				
				
				
				
				
				
				
				
				
				
				
				
				
				
				
				
				
				
				
				
				
				
				
				
				
				
				
				
				
				
				
				
				
				
				
				
				
				
				
				
				
				
				
				
				
				
				
				
				
				
				
				
				
				
				
				
				
				
				
				
				
				
				
				
				
				
				
				
				
				
				
				
				
				
				
				
				
				
				
				
				
				
				
				
				
				
				
				
				
				
				
				
				
				
				
				
				
				
				
				
				
				
				
				
				
				
				
				
				
				
				
				
				
				
				
				
				
				
				
				
				
				
				
				
				
				
				
				
				
				
				
				
				
				
				
				
				
				
				
				
				
				
				
				
				
				
				
				
				
				
				
				
				
				
				
				
				
				
				
				
				
				
				
				
				
				
				
				
				
				
				
				
				
				
				
				
				
				
				
				
				
				
				
				
				
				
				
				
				
				
				
				
				
				
				
				
				
				
				
				
				
				
				
				
				
				
				
				
				
				
				
				
				
				
				
				
				
				
				
				
				
				
				
				
				
				
				
				
				
				
				
				
				
				
				
				
				
				
				
				
				
				
				
				
				
				
				
				
				
				
				
				
				
				
				
				
				
				
				
				
				
				
				
				
				
				
				
				
				
				
				
				
				
				
				
				
				
				
				
				
				
				
				
				
				
				
				
				
				
				
				
				
				
				
				
				
				
				
				
				
				
				
				
				
				
				
				
				
				
				
				
				
				
				
				
				
				
				
				
				
				
				
				
				
				
				
				
				
				
				
				
				
				
				
				
				
				
				
				
				
				
				
				
				
				
				
				
				
				
				
				
				
				
				
				
				
				
				
				
				
				
				
				
				
				
				
				
				
				
				
				
				
				
				
				
				
				
				
				
				
				
				
				
				
				
				
				
				
				
				
				
				
				
				
				
				
				
				
				
				
				
				
				
				
				
				
				
				
				
				
				
				
				
				
				
				
				
				
				
				
				
				
				
				
				
				
				
				
				
				
				
				
				
				
				
				
				
				
				
				
				
				
				
				
				
				
				
				
				
				
				
				
				
				
				
				
				
				
				
				
				
				
				
				
				
				
				
				
				
				
				
				
				
				
				
				
				
				
				
				
				
				
				
				
				
				
				
				
				
				
				
				
				
				
				
				
				
				
				
				
				
				
				
				
				
				
				
				
				
				
				
				
				
				
				
				
				
				
				
				
				
				
				
				
				
				
				
				
				
				
				
				
				
				
				
				
				
				
				
				
				
				
				
				
				
				
				
				
				
				
				
				
				
				
				
				
				
				
				
				
				
				
				
				
				
				
				
				
				
				
				
				
				
				
				
				
				
				
				
				
				
				
				
				
				
				
				
				
				
				
				
				
				
				
				
				
				
				
				
				
				
				
				
				
				
				
				
				
				
				
				
				
				
				
				
				
				
				
