0	0	38.000	2065.000	0.018
0	50	31.000	1965.000	0.016
0	100	33.000	2020.000	0.016
0	150	33.000	2023.000	0.016
0	200	38.000	2046.000	0.019
0	250	32.000	1965.000	0.016
0	300	25.000	2151.000	0.012
0	350	28.000	2065.000	0.014
0	400	30.000	2067.000	0.015
0	450	26.000	2060.000	0.013
0	500	25.000	1990.000	0.013
0	550	36.000	2044.000	0.018
0	600	41.000	2071.000	0.020
0	650	40.000	1983.000	0.020
0	700	43.000	2128.000	0.020
0	750	40.000	2147.000	0.019
0	800	55.000	2084.000	0.026
0	850	51.000	1908.000	0.027
0	900	59.000	2218.000	0.027
0	950	55.000	2040.000	0.027
0	1000	72.000	1995.000	0.036
0	1050	76.000	2063.000	0.037
0	1100	81.000	1993.000	0.041
0	1150	86.000	1958.000	0.044
0	1200	99.000	2108.000	0.047
0	1250	85.000	1955.000	0.043
0	1300	85.000	2048.000	0.042
0	1350	71.000	1968.000	0.036
0	1400	79.000	2142.000	0.037
0	1450	75.000	2099.000	0.036
0	1500	75.000	1973.000	0.038
0	1550	95.000	1997.000	0.048
0	1600	83.000	2028.000	0.041
0	1650	95.000	2036.000	0.047
0	1700	89.000	2020.000	0.044
0	1750	101.000	2041.000	0.049
0	1800	74.000	2066.000	0.036
0	1850	68.000	2094.000	0.032
0	1900	78.000	2059.000	0.038
0	1950	82.000	1973.000	0.042
0	2000	84.000	2156.000	0.039
0	2050	72.000	2053.000	0.035
0	2100	55.000	1988.000	0.028
0	2150	61.000	2050.000	0.030
0	2200	49.000	2009.000	0.024
0	2250	28.000	1989.000	0.014
0	2300	24.000	2053.000	0.012
0	2350	25.000	1988.000	0.013
0	2400	32.000	1934.000	0.017
0	2450	24.000	1944.000	0.012
0	2500	25.000	1959.000	0.013
0	2550	13.000	1898.000	0.007
0	2600	18.000	2022.000	0.009
0	2650	13.000	1984.000	0.007
0	2700	14.000	1918.000	0.007
0	2750	5.000	1861.000	0.003
0	2800	9.000	1987.000	0.005
0	2850	7.000	2126.000	0.003
0	2900	9.000	2003.000	0.004
0	2950	9.000	2110.000	0.004
0	3000	1.000	1907.000	0.001
0	3050	7.000	2064.000	0.003
0	3100	6.000	2115.000	0.003
0	3150	7.000	2101.000	0.003
0	3200	5.000	1937.000	0.003
0	3250	3.000	1885.000	0.002
0	3300	1.000	1924.000	0.001
0	3350	7.000	2356.000	0.003
				
				
				
				
				
				
				
				
				
				
				
				
				
				
				
				
				
				
				
				
				
				
				
				
				
				
				
				
				
				
				
				
				
				
				
				
				
				
				
				
				
				
				
				
				
				
				
				
				
				
				
				
				
				
				
				
				
				
				
				
				
				
				
				
				
				
				
				
				
				
				
				
				
				
				
				
				
				
				
				
				
				
				
				
				
				
				
				
				
				
				
				
				
				
				
				
				
				
				
				
				
				
				
				
				
				
				
				
				
				
				
				
				
				
				
				
				
				
				
				
				
				
				
				
				
				
				
				
				
				
				
				
				
				
				
				
				
				
				
				
				
				
				
				
				
				
				
				
				
				
				
				
				
				
				
				
				
				
				
				
				
				
				
				
				
				
				
				
				
				
				
				
				
				
				
				
				
				
				
				
				
				
				
				
				
				
				
				
				
				
				
				
				
				
				
				
				
				
				
				
				
				
				
				
				
				
				
				
				
				
				
				
				
				
				
				
				
				
				
				
				
				
				
				
				
				
				
				
				
				
				
				
				
				
				
				
				
				
				
				
				
				
				
				
				
				
				
				
				
				
				
				
				
				
				
				
				
				
				
				
				
				
				
				
				
				
				
				
				
				
				
				
				
				
				
				
				
				
				
				
				
				
				
				
				
				
				
				
				
				
				
				
				
				
				
				
				
				
				
				
				
				
				
				
				
				
				
				
				
				
				
				
				
				
				
				
				
				
				
				
				
				
				
				
				
				
				
				
				
				
				
				
				
				
				
				
				
				
				
				
				
				
				
				
				
				
				
				
				
				
				
				
				
				
				
				
				
				
				
				
				
				
				
				
				
				
				
				
				
				
				
				
				
				
				
				
				
				
				
				
				
				
				
				
				
				
				
				
				
				
				
				
				
				
				
				
				
				
				
				
				
				
				
				
				
				
				
				
				
				
				
				
				
				
				
				
				
				
				
				
				
				
				
				
				
				
				
				
				
				
				
				
				
				
				
				
				
				
				
				
				
				
				
				
				
				
				
				
				
				
				
				
				
				
				
				
				
				
				
				
				
				
				
				
				
				
				
				
				
				
				
				
				
				
				
				
				
				
				
				
				
				
				
				
				
				
				
				
				
				
				
				
				
				
				
				
				
				
				
				
				
				
				
				
				
				
				
				
				
				
				
				
				
				
				
				
				
				
				
				
				
				
				
				
				
				
				
				
				
				
				
				
				
				
				
				
				
				
				
				
				
				
				
				
				
				
				
				
				
				
				
				
				
				
				
				
				
				
				
				
				
				
				
				
				
				
				
				
				
				
				
				
				
				
				
				
				
				
				
				
				
				
				
				
				
				
				
				
				
				
				
				
				
				
				
				
				
				
				
				
				
				
				
				
				
				
				
				
				
				
				
				
				
				
				
				
				
				
				
				
				
				
				
				
				
				
				
				
				
				
				
				
				
				
				
				
				
				
				
				
				
				
				
				
				
				
				
				
				
				
				
				
				
				
				
				
				
				
				
				
				
				
				
				
				
				
				
				
				
				
				
				
				
				
				
				
				
				
				
				
				
				
				
				
				
				
				
				
				
				
				
				
				
				
				
				
				
				
				
				
				
				
				
				
				
				
				
				
				
				
				
				
				
				
				
				
				
				
				
				
				
				
				
				
				
				
				
				
				
				
				
				
				
				
				
				
				
				
				
				
				
				
				
				
				
				
				
				
				
				
				
				
				
				
				
				
				
				
				
				
				
				
				
				
				
				
				
				
				
				
				
				
				
				
				
				
				
				
				
				
				
				
				
				
				
				
				
				
				
				
				
				
				
				
				
				
				
				
				
				
				
				
				
				
				
				
				
				
				
				
				
				
				
				
				
				
				
				
				
				
				
				
				
				
				
				
				
				
				
				
				
				
				
				
				
				
				
				
				
				
				
				
				
				
				
				
				
				
				
				
				
				
				
				
				
				
				
				
				
				
				
				
				
				
				
				
				
				
				
				
				
				
				
				
				
				
				
				
				
				
				
				
				
				
				
				
				
				
				
				
				
				
				
				
				
				
				
				
				
				
				
				
				
				
				
				
				
				
				
				
				
				
				
				
				
				
				
				
				
				
				
				
				
				
				
				
				
				
				
				
				
				
