0	0	22.000	1.000	22.000
0	50	57.000	3226.000	0.018
0	100	51.000	3428.000	0.015
0	150	60.000	3331.000	0.018
0	200	47.000	3303.000	0.014
0	250	60.000	5843.000	0.010
0	300	39.000	5530.000	0.007
0	350	49.000	5252.000	0.009
0	400	50.000	4925.000	0.010
0	450	46.000	4850.000	0.009
0	500	56.000	5251.000	0.011
0	550	75.000	5136.000	0.015
0	600	51.000	5292.000	0.010
0	650	65.000	5191.000	0.013
0	700	74.000	5184.000	0.014
0	750	63.000	4940.000	0.013
0	800	90.000	4721.000	0.019
0	850	82.000	4669.000	0.018
0	900	112.000	4789.000	0.023
0	950	94.000	4745.000	0.020
0	1000	91.000	4537.000	0.020
0	1050	110.000	4774.000	0.023
0	1100	107.000	4654.000	0.023
0	1150	119.000	4908.000	0.024
0	1200	132.000	4640.000	0.028
0	1250	108.000	4832.000	0.022
0	1300	123.000	4929.000	0.025
0	1350	102.000	4936.000	0.021
0	1400	119.000	4756.000	0.025
0	1450	107.000	4805.000	0.022
0	1500	0.000	114.000	0.000
0	1550	125.000	5114.000	0.024
0	1600	117.000	5120.000	0.023
0	1650	107.000	5090.000	0.021
0	1700	127.000	5180.000	0.025
0	1750	114.000	5220.000	0.022
0	1800	113.000	5327.000	0.021
0	1850	112.000	5130.000	0.022
0	1900	78.000	5251.000	0.015
0	1950	74.000	5091.000	0.015
0	2000	41.000	5166.000	0.008
0	2050	45.000	4853.000	0.009
0	2100	67.000	4883.000	0.014
0	2150	50.000	5109.000	0.010
0	2200	40.000	5296.000	0.008
0	2250	40.000	5089.000	0.008
0	2300	30.000	4753.000	0.006
0	2350	20.000	4858.000	0.004
0	2400	20.000	5060.000	0.004
0	2450	16.000	5139.000	0.003
0	2500	15.000	5444.000	0.003
0	2550	15.000	5483.000	0.003
0	2600	14.000	5342.000	0.003
0	2650	15.000	5098.000	0.003
0	2700	13.000	4955.000	0.003
0	2750	7.000	5178.000	0.001
0	2800	9.000	5190.000	0.002
0	2850	14.000	5457.000	0.003
0	2900	11.000	5570.000	0.002
0	2950	16.000	5482.000	0.003
0	3000	11.000	5575.000	0.002
0	3050	10.000	5181.000	0.002
0	3100	12.000	5474.000	0.002
0	3150	8.000	5949.000	0.001
0	3200	9.000	5510.000	0.002
0	3250	10.000	5107.000	0.002
0	3300	7.000	4502.000	0.002
0	3350	9.000	3349.000	0.003
0	3400	1.000	3285.000	0.000
0	3450	0.000	2.000	0.000
0	3500	2.000	3509.000	0.001
				
				
				
				
				
				
				
				
				
				
				
				
				
				
				
				
				
				
				
				
				
				
				
				
				
				
				
				
				
				
				
				
				
				
				
				
				
				
				
				
				
				
				
				
				
				
				
				
				
				
				
				
				
				
				
				
				
				
				
				
				
				
				
				
				
				
				
				
				
				
				
				
				
				
				
				
				
				
				
				
				
				
				
				
				
				
				
				
				
				
				
				
				
				
				
				
				
				
				
				
				
				
				
				
				
				
				
				
				
				
				
				
				
				
				
				
				
				
				
				
				
				
				
				
				
				
				
				
				
				
				
				
				
				
				
				
				
				
				
				
				
				
				
				
				
				
				
				
				
				
				
				
				
				
				
				
				
				
				
				
				
				
				
				
				
				
				
				
				
				
				
				
				
				
				
				
				
				
				
				
				
				
				
				
				
				
				
				
				
				
				
				
				
				
				
				
				
				
				
				
				
				
				
				
				
				
				
				
				
				
				
				
				
				
				
				
				
				
				
				
				
				
				
				
				
				
				
				
				
				
				
				
				
				
				
				
				
				
				
				
				
				
				
				
				
				
				
				
				
				
				
				
				
				
				
				
				
				
				
				
				
				
				
				
				
				
				
				
				
				
				
				
				
				
				
				
				
				
				
				
				
				
				
				
				
				
				
				
				
				
				
				
				
				
				
				
				
				
				
				
				
				
				
				
				
				
				
				
				
				
				
				
				
				
				
				
				
				
				
				
				
				
				
				
				
				
				
				
				
				
				
				
				
				
				
				
				
				
				
				
				
				
				
				
				
				
				
				
				
				
				
				
				
				
				
				
				
				
				
				
				
				
				
				
				
				
				
				
				
				
				
				
				
				
				
				
				
				
				
				
				
				
				
				
				
				
				
				
				
				
				
				
				
				
				
				
				
				
				
				
				
				
				
				
				
				
				
				
				
				
				
				
				
				
				
				
				
				
				
				
				
				
				
				
				
				
				
				
				
				
				
				
				
				
				
				
				
				
				
				
				
				
				
				
				
				
				
				
				
				
				
				
				
				
				
				
				
				
				
				
				
				
				
				
				
				
				
				
				
				
				
				
				
				
				
				
				
				
				
				
				
				
				
				
				
				
				
				
				
				
				
				
				
				
				
				
				
				
				
				
				
				
				
				
				
				
				
				
				
				
				
				
				
				
				
				
				
				
				
				
				
				
				
				
				
				
				
				
				
				
				
				
				
				
				
				
				
				
				
				
				
				
				
				
				
				
				
				
				
				
				
				
				
				
				
				
				
				
				
				
				
				
				
				
				
				
				
				
				
				
				
				
				
				
				
				
				
				
				
				
				
				
				
				
				
				
				
				
				
				
				
				
				
				
				
				
				
				
				
				
				
				
				
				
				
				
				
				
				
				
				
				
				
				
				
				
				
				
				
				
				
				
				
				
				
				
				
				
				
				
				
				
				
				
				
				
				
				
				
				
				
				
				
				
				
				
				
				
				
				
				
				
				
				
				
				
				
				
				
				
				
				
				
				
				
				
				
				
				
				
				
				
				
				
				
				
				
				
				
				
				
				
				
				
				
				
				
				
				
				
				
				
				
				
				
				
				
				
				
				
				
				
				
				
				
				
				
				
				
				
				
				
				
				
				
				
				
				
				
				
				
				
				
				
				
				
				
				
				
				
				
				
				
				
				
				
				
				
				
				
				
				
				
				
				
				
				
				
				
				
				
				
				
				
				
				
				
				
				
				
				
				
				
				
				
				
				
				
				
				
				
				
				
				
				
				
				
				
				
				
				
				
				
				
				
				
				
				
				
				
				
				
				
				
				
				
				
				
				
				
				
				
				
				
				
				
				
				
				
				
				
				
				
				
				
				
				
				
				
				
				
				
				
				
				
				
				
				
				
				
				
				
				
				
				
				
				
				
				
				
				
				
				
				
				
				
				
				
				
				
				
				
				
				
				
				
				
				
				
				
				
				
				
				
				
				
				
				
				
				
				
				
				
				
				
				
				
				
				
				
				
				
				
				
				
				
				
				
				
				
				
				
				
				
				
				
				
				
				
				
				
				
				
				
				
				
				
				
				
				
				
				
				
				
				
				
				
				
				
				
				
				
				
				
				
				
				
				
				
