0	0	4.000	1916.000	0.002
0	50	0.000	1924.000	0.000
0	100	6.000	1976.000	0.003
0	150	5.000	1897.000	0.003
0	200	2.000	1992.000	0.001
0	250	0.000	1871.000	0.000
0	300	1.000	1955.000	0.001
0	350	5.000	1908.000	0.003
0	400	6.000	1884.000	0.003
0	450	5.000	1867.000	0.003
0	500	8.000	1977.000	0.004
0	550	3.000	1914.000	0.002
0	600	3.000	1923.000	0.002
0	650	1.000	1888.000	0.001
0	700	4.000	2113.000	0.002
0	750	1.000	1968.000	0.001
0	800	7.000	1964.000	0.004
0	850	1.000	2038.000	0.000
0	900	1.000	1935.000	0.001
0	950	1.000	1990.000	0.001
0	1000	5.000	1972.000	0.003
0	1050	3.000	2002.000	0.001
0	1100	2.000	2020.000	0.001
0	1150	5.000	2079.000	0.002
0	1200	2.000	1889.000	0.001
0	1250	0.000	1952.000	0.000
0	1300	6.000	2042.000	0.003
0	1350	7.000	2059.000	0.003
0	1400	7.000	2080.000	0.003
0	1450	7.000	1904.000	0.004
0	1500	9.000	2024.000	0.004
0	1550	0.000	7.000	0.000
0	1600	11.000	2063.000	0.005
0	1650	5.000	2033.000	0.002
0	1700	14.000	2002.000	0.007
0	1750	18.000	2102.000	0.009
0	1800	17.000	1911.000	0.009
0	1850	10.000	1936.000	0.005
0	1900	19.000	1958.000	0.010
0	1950	19.000	1760.000	0.011
0	2000	21.000	1914.000	0.011
0	2050	20.000	2004.000	0.010
0	2100	41.000	1981.000	0.021
0	2150	25.000	1966.000	0.013
0	2200	40.000	1993.000	0.020
0	2250	36.000	1982.000	0.018
0	2300	37.000	1973.000	0.019
0	2350	38.000	2033.000	0.019
0	2400	50.000	1977.000	0.025
0	2450	51.000	1912.000	0.027
0	2500	0.000	45.000	0.000
0	2550	83.000	2039.000	0.041
0	2600	51.000	1875.000	0.027
0	2650	63.000	1857.000	0.034
0	2700	72.000	1794.000	0.040
0	2750	76.000	1789.000	0.042
0	2800	79.000	1880.000	0.042
0	2850	73.000	1890.000	0.039
0	2900	68.000	1890.000	0.036
0	2950	89.000	2074.000	0.043
0	3000	89.000	1938.000	0.046
0	3050	86.000	1964.000	0.044
0	3100	81.000	1866.000	0.043
0	3150	100.000	1978.000	0.051
0	3200	98.000	2069.000	0.047
0	3250	108.000	2023.000	0.053
0	3300	108.000	2050.000	0.053
0	3350	84.000	1982.000	0.042
0	3400	88.000	1997.000	0.044
0	3450	91.000	1996.000	0.046
0	3500	83.000	1857.000	0.045
0	3550	66.000	1955.000	0.034
0	3600	55.000	1923.000	0.029
0	3650	66.000	1781.000	0.037
0	3700	53.000	1897.000	0.028
0	3750	51.000	1836.000	0.028
0	3800	57.000	2019.000	0.028
0	3850	50.000	1890.000	0.026
0	3900	43.000	1959.000	0.022
0	3950	36.000	2016.000	0.018
0	4000	46.000	1968.000	0.023
0	4050	31.000	1810.000	0.017
0	4150	28.000	1818.000	0.015
0	4250	25.000	1883.000	0.013
0	4350	0.000	1.000	0.000
				
				
				
				
				
				
				
				
				
				
				
				
				
				
				
				
				
				
				
				
				
				
				
				
				
				
				
				
				
				
				
				
				
				
				
				
				
				
				
				
				
				
				
				
				
				
				
				
				
				
				
				
				
				
				
				
				
				
				
				
				
				
				
				
				
				
				
				
				
				
				
				
				
				
				
				
				
				
				
				
				
				
				
				
				
				
				
				
				
				
				
				
				
				
				
				
				
				
				
				
				
				
				
				
				
				
				
				
				
				
				
				
				
				
				
				
				
				
				
				
				
				
				
				
				
				
				
				
				
				
				
				
				
				
				
				
				
				
				
				
				
				
				
				
				
				
				
				
				
				
				
				
				
				
				
				
				
				
				
				
				
				
				
				
				
				
				
				
				
				
				
				
				
				
				
				
				
				
				
				
				
				
				
				
				
				
				
				
				
				
				
				
				
				
				
				
				
				
				
				
				
				
				
				
				
				
				
				
				
				
				
				
				
				
				
				
				
				
				
				
				
				
				
				
				
				
				
				
				
				
				
				
				
				
				
				
				
				
				
				
				
				
				
				
				
				
				
				
				
				
				
				
				
				
				
				
				
				
				
				
				
				
				
				
				
				
				
				
				
				
				
				
				
				
				
				
				
				
				
				
				
				
				
				
				
				
				
				
				
				
				
				
				
				
				
				
				
				
				
				
				
				
				
				
				
				
				
				
				
				
				
				
				
				
				
				
				
				
				
				
				
				
				
				
				
				
				
				
				
				
				
				
				
				
				
				
				
				
				
				
				
				
				
				
				
				
				
				
				
				
				
				
				
				
				
				
				
				
				
				
				
				
				
				
				
				
				
				
				
				
				
				
				
				
				
				
				
				
				
				
				
				
				
				
				
				
				
				
				
				
				
				
				
				
				
				
				
				
				
				
				
				
				
				
				
				
				
				
				
				
				
				
				
				
				
				
				
				
				
				
				
				
				
				
				
				
				
				
				
				
				
				
				
				
				
				
				
				
				
				
				
				
				
				
				
				
				
				
				
				
				
				
				
				
				
				
				
				
				
				
				
				
				
				
				
				
				
				
				
				
				
				
				
				
				
				
				
				
				
				
				
				
				
				
				
				
				
				
				
				
				
				
				
				
				
				
				
				
				
				
				
				
				
				
				
				
				
				
				
				
				
				
				
				
				
				
				
				
				
				
				
				
				
				
				
				
				
				
				
				
				
				
				
				
				
				
				
				
				
				
				
				
				
				
				
				
				
				
				
				
				
				
				
				
				
				
				
				
				
				
				
				
				
				
				
				
				
				
				
				
				
				
				
				
				
				
				
				
				
				
				
				
				
				
				
				
				
				
				
				
				
				
				
				
				
				
				
				
				
				
				
				
				
				
				
				
				
				
				
				
				
				
				
				
				
				
				
				
				
				
				
				
				
				
				
				
				
				
				
				
				
				
				
				
				
				
				
				
				
				
				
				
				
				
				
				
				
				
				
				
				
				
				
				
				
				
				
				
				
				
				
				
				
				
				
				
				
				
				
				
				
				
				
				
				
				
				
				
				
				
				
				
				
				
				
				
				
				
				
				
				
				
				
				
				
				
				
				
				
				
				
				
				
				
				
				
				
				
				
				
				
				
				
				
				
				
				
				
				
				
				
				
				
				
				
				
				
				
				
				
				
				
				
				
				
				
				
				
				
				
				
				
				
				
				
				
				
				
				
				
				
				
				
				
				
				
				
				
				
				
				
				
				
				
				
				
				
				
				
				
				
				
				
				
				
				
				
				
				
				
				
				
				
				
				
				
				
				
				
				
				
				
				
				
				
				
				
				
				
				
				
				
				
				
				
				
				
				
				
				
				
				
				
				
				
				
				
				
				
				
				
				
				
				
				
				
				
				
				
				
				
				
				
				
				
				
				
				
				
				
				
				
				
				
				
				
				
				
				
				
				
				
				
				
				
				
				
				
				
				
				
				
				
				
				
				
				
				
				
				
				
				
				
				
				
				
				
				
				
				
				
				
				
				
				
				
				
				
				
				
				
				
				
				
				
				
				
				
				
				
				
				
				
				
				
				
				
				
				
				
				
				
				
				
				
