0	0	0.000	0.000	NaN
0	50	1.000	27.000	0.037
0	100	1.000	1040.000	0.001
0	150	3.000	2373.000	0.001
0	200	6.000	2296.000	0.003
0	250	4.000	2463.000	0.002
0	275	3.000	2392.000	0.001
0	300	5.000	2374.000	0.002
0	325	2.000	2405.000	0.001
0	350	4.000	2360.000	0.002
0	375	2.000	2374.000	0.001
0	400	4.000	2270.000	0.002
0	425	4.000	2292.000	0.002
0	450	2.000	2247.000	0.001
0	475	0.000	2335.000	0.000
0	500	1.000	2370.000	0.000
0	525	5.000	2340.000	0.002
0	550	5.000	2377.000	0.002
0	575	3.000	2331.000	0.001
0	600	3.000	2333.000	0.001
0	625	5.000	2390.000	0.002
0	650	7.000	2221.000	0.003
0	675	2.000	2349.000	0.001
0	700	4.000	2277.000	0.002
0	725	7.000	2267.000	0.003
0	750	7.000	2348.000	0.003
0	775	3.000	2424.000	0.001
0	800	14.000	2382.000	0.006
0	825	10.000	2289.000	0.004
0	850	16.000	2377.000	0.007
0	875	29.000	2367.000	0.012
0	900	44.000	2340.000	0.019
0	925	48.000	2294.000	0.021
0	950	59.000	2411.000	0.024
0	975	56.000	2335.000	0.024
0	1000	55.000	2336.000	0.024
0	1025	50.000	2346.000	0.021
0	1050	54.000	2395.000	0.023
0	1075	40.000	2430.000	0.016
0	1100	59.000	2284.000	0.026
0	1125	56.000	2289.000	0.024
0	1150	62.000	2374.000	0.026
0	1175	82.000	2318.000	0.035
0	1200	92.000	2344.000	0.039
0	1225	63.000	2279.000	0.028
0	1250	64.000	2325.000	0.028
0	1275	67.000	2338.000	0.029
0	1300	54.000	2354.000	0.023
0	1325	60.000	2368.000	0.025
0	1350	49.000	2313.000	0.021
0	1375	48.000	2270.000	0.021
0	1400	37.000	2229.000	0.017
0	1425	37.000	2280.000	0.016
0	1450	30.000	2273.000	0.013
0	1475	44.000	2261.000	0.019
0	1500	48.000	2261.000	0.021
0	1525	53.000	2331.000	0.023
0	1550	63.000	2249.000	0.028
0	1575	55.000	2329.000	0.024
0	1600	69.000	2315.000	0.030
0	1625	69.000	2353.000	0.029
0	1650	52.000	2481.000	0.021
0	1675	63.000	2248.000	0.028
0	1700	55.000	2331.000	0.024
0	1725	63.000	2400.000	0.026
0	1750	58.000	2347.000	0.025
0	1775	66.000	2384.000	0.028
0	1800	82.000	2409.000	0.034
0	1825	76.000	2440.000	0.031
0	1850	74.000	2483.000	0.030
0	1875	75.000	2423.000	0.031
0	1900	58.000	2355.000	0.025
0	1925	43.000	2408.000	0.018
0	1950	48.000	2378.000	0.020
0	1975	30.000	2348.000	0.013
0	2000	42.000	2392.000	0.018
0	2025	31.000	2388.000	0.013
0	2050	19.000	2341.000	0.008
0	2075	18.000	2448.000	0.007
0	2100	19.000	2371.000	0.008
0	2125	9.000	2297.000	0.004
0	2150	9.000	2426.000	0.004
0	2175	8.000	2452.000	0.003
0	2200	10.000	2441.000	0.004
0	2225	9.000	2350.000	0.004
0	2250	5.000	2414.000	0.002
0	2275	6.000	2235.000	0.003
0	2300	4.000	2377.000	0.002
0	2325	1.000	2392.000	0.000
0	2350	5.000	2407.000	0.002
0	2375	3.000	2354.000	0.001
0	2400	4.000	2343.000	0.002
0	2425	3.000	2309.000	0.001
0	2450	3.000	2279.000	0.001
0	2475	7.000	2294.000	0.003
0	2500	2.000	2172.000	0.001
0	2525	2.000	2314.000	0.001
0	2550	2.000	2203.000	0.001
0	2575	4.000	2317.000	0.002
0	2600	3.000	2336.000	0.001
0	2625	6.000	2277.000	0.003
0	2650	3.000	2357.000	0.001
0	2675	2.000	2434.000	0.001
0	2700	4.000	2396.000	0.002
0	2725	3.000	2454.000	0.001
0	2750	4.000	2358.000	0.002
0	2775	1.000	2402.000	0.000
0	2800	3.000	2418.000	0.001
				
				
				
				
				
				
				
				
				
				
				
				
				
				
				
				
				
				
				
				
				
				
				
				
				
				
				
				
				
				
				
				
				
				
				
				
				
				
				
				
				
				
				
				
				
				
				
				
				
				
				
				
				
				
				
				
				
				
				
				
				
				
				
				
				
				
				
				
				
				
				
				
				
				
				
				
				
				
				
				
				
				
				
				
				
				
				
				
				
				
				
				
				
				
				
				
				
				
				
				
				
				
				
				
				
				
				
				
				
				
				
				
				
				
				
				
				
				
				
				
				
				
				
				
				
				
				
				
				
				
				
				
				
				
				
				
				
				
				
				
				
				
				
				
				
				
				
				
				
				
				
				
				
				
				
				
				
				
				
				
				
				
				
				
				
				
				
				
				
				
				
				
				
				
				
				
				
				
				
				
				
				
				
				
				
				
				
				
				
				
				
				
				
				
				
				
				
				
				
				
				
				
				
				
				
				
				
				
				
				
				
				
				
				
				
				
				
				
				
				
				
				
				
				
				
				
				
				
				
				
				
				
				
				
				
				
				
				
				
				
				
				
				
				
				
				
				
				
				
				
				
				
				
				
				
				
				
				
				
				
				
				
				
				
				
				
				
				
				
				
				
				
				
				
				
				
				
				
				
				
				
				
				
				
				
				
				
				
				
				
				
				
				
				
				
				
				
				
				
				
				
				
				
				
				
				
				
				
				
				
				
				
				
				
				
				
				
				
				
				
				
				
				
				
				
				
				
				
				
				
				
				
				
				
				
				
				
				
				
				
				
				
				
				
				
				
				
				
				
				
				
				
				
				
				
				
				
				
				
				
				
				
				
				
				
				
				
				
				
				
				
				
				
				
				
				
				
				
				
				
				
				
				
				
				
				
				
				
				
				
				
				
				
				
				
				
				
				
				
				
				
				
				
				
				
				
				
				
				
				
				
				
				
				
				
				
				
				
				
				
				
				
				
				
				
				
				
				
				
				
				
				
				
				
				
				
				
				
				
				
				
				
				
				
				
				
				
				
				
				
				
				
				
				
				
				
				
				
				
				
				
				
				
				
				
				
				
				
				
				
				
				
				
				
				
				
				
				
				
				
				
				
				
				
				
				
				
				
				
				
				
				
				
				
				
				
				
				
				
				
				
				
				
				
				
				
				
				
				
				
				
				
				
				
				
				
				
				
				
				
				
				
				
				
				
				
				
				
				
				
				
				
				
				
				
				
				
				
				
				
				
				
				
				
				
				
				
				
				
				
				
				
				
				
				
				
				
				
				
				
				
				
				
				
				
				
				
				
				
				
				
				
				
				
				
				
				
				
				
				
				
				
				
				
				
				
				
				
				
				
				
				
				
				
				
				
				
				
				
				
				
				
				
				
				
				
				
				
				
				
				
				
				
				
				
				
				
				
				
				
				
				
				
				
				
				
				
				
				
				
				
				
				
				
				
				
				
				
				
				
				
				
				
				
				
				
				
				
				
				
				
				
				
				
				
				
				
				
				
				
				
				
				
				
				
				
				
				
				
				
				
				
				
				
				
				
				
				
				
				
				
				
				
				
				
				
				
				
				
				
				
				
				
				
				
				
				
				
				
				
				
				
				
				
				
				
				
				
				
				
				
				
				
				
				
				
				
				
				
				
				
				
				
				
				
				
				
				
				
				
				
				
				
				
				
				
				
				
				
				
				
				
				
				
				
				
				
				
				
				
				
				
				
				
				
				
				
				
				
				
				
				
				
				
				
				
				
				
				
				
				
				
				
				
				
				
				
				
				
				
				
				
				
				
				
				
				
				
				
				
				
				
				
				
				
				
				
				
				
				
				
				
				
				
				
				
				
				
				
				
				
				
				
				
				
				
				
				
				
				
				
				
				
				
				
				
				
				
				
				
				
				
				
				
				
				
				
				
				
				
				
				
				
				
				
				
				
				
				
				
				
				
				
				
				
				
				
				
				
				
				
				
				
				
				
				
				
				
				
				
				
				
				
				
				
				
				
				
				
				
				
				
				
				
				
				
				
				
				
				
				
				
