0	0	15.000	2347.000	0.006
0	50	4.000	3160.000	0.001
0	100	3.000	3106.000	0.001
0	150	1.000	3173.000	0.000
0	200	0.000	3103.000	0.000
0	250	5.000	3224.000	0.002
0	300	2.000	3183.000	0.001
0	350	3.000	3335.000	0.001
0	400	3.000	3355.000	0.001
0	450	3.000	3261.000	0.001
0	500	4.000	3316.000	0.001
0	550	1.000	3334.000	0.000
0	600	5.000	3348.000	0.001
0	650	5.000	3316.000	0.002
0	700	4.000	3390.000	0.001
0	750	3.000	3390.000	0.001
0	800	4.000	3463.000	0.001
0	850	2.000	3327.000	0.001
0	900	1.000	3337.000	0.000
0	950	8.000	3336.000	0.002
0	1000	14.000	3414.000	0.004
0	1050	38.000	3344.000	0.011
0	1100	55.000	3461.000	0.016
0	1150	71.000	3400.000	0.021
0	1200	84.000	3380.000	0.025
0	1250	56.000	3410.000	0.016
0	1300	74.000	3323.000	0.022
0	1350	88.000	3407.000	0.026
0	1400	102.000	3392.000	0.030
0	1450	97.000	3329.000	0.029
0	1500	75.000	3251.000	0.023
0	1550	49.000	3332.000	0.015
0	1600	54.000	3407.000	0.016
0	1650	41.000	3410.000	0.012
0	1700	58.000	3407.000	0.017
0	1750	79.000	3425.000	0.023
0	1800	76.000	3281.000	0.023
0	1850	60.000	3392.000	0.018
0	1900	63.000	3358.000	0.019
0	1950	70.000	3405.000	0.021
0	2000	63.000	3347.000	0.019
0	2050	87.000	3357.000	0.026
0	2100	54.000	3276.000	0.016
0	2150	53.000	3383.000	0.016
0	2200	27.000	3393.000	0.008
0	2250	34.000	3311.000	0.010
0	2300	19.000	3208.000	0.006
0	2350	15.000	3273.000	0.005
0	2400	6.000	3386.000	0.002
0	2450	6.000	3431.000	0.002
0	2500	3.000	3309.000	0.001
0	2550	7.000	3368.000	0.002
0	2600	4.000	3439.000	0.001
0	2650	6.000	3318.000	0.002
0	2700	4.000	3359.000	0.001
0	2750	3.000	3350.000	0.001
0	2800	2.000	3435.000	0.001
				
				
				
				
				
				
				
				
				
				
				
				
				
				
				
				
				
				
				
				
				
				
				
				
				
				
				
				
				
				
				
				
				
				
				
				
				
				
				
				
				
				
				
				
				
				
				
				
				
				
				
				
				
				
				
				
				
				
				
				
				
				
				
				
				
				
				
				
				
				
				
				
				
				
				
				
				
				
				
				
				
				
				
				
				
				
				
				
				
				
				
				
				
				
				
				
				
				
				
				
				
				
				
				
				
				
				
				
				
				
				
				
				
				
				
				
				
				
				
				
				
				
				
				
				
				
				
				
				
				
				
				
				
				
				
				
				
				
				
				
				
				
				
				
				
				
				
				
				
				
				
				
				
				
				
				
				
				
				
				
				
				
				
				
				
				
				
				
				
				
				
				
				
				
				
				
				
				
				
				
				
				
				
				
				
				
				
				
				
				
				
				
				
				
				
				
				
				
				
				
				
				
				
				
				
				
				
				
				
				
				
				
				
				
				
				
				
				
				
				
				
				
				
				
				
				
				
				
				
				
				
				
				
				
				
				
				
				
				
				
				
				
				
				
				
				
				
				
				
				
				
				
				
				
				
				
				
				
				
				
				
				
				
				
				
				
				
				
				
				
				
				
				
				
				
				
				
				
				
				
				
				
				
				
				
				
				
				
				
				
				
				
				
				
				
				
				
				
				
				
				
				
				
				
				
				
				
				
				
				
				
				
				
				
				
				
				
				
				
				
				
				
				
				
				
				
				
				
				
				
				
				
				
				
				
				
				
				
				
				
				
				
				
				
				
				
				
				
				
				
				
				
				
				
				
				
				
				
				
				
				
				
				
				
				
				
				
				
				
				
				
				
				
				
				
				
				
				
				
				
				
				
				
				
				
				
				
				
				
				
				
				
				
				
				
				
				
				
				
				
				
				
				
				
				
				
				
				
				
				
				
				
				
				
				
				
				
				
				
				
				
				
				
				
				
				
				
				
				
				
				
				
				
				
				
				
				
				
				
				
				
				
				
				
				
				
				
				
				
				
				
				
				
				
				
				
				
				
				
				
				
				
				
				
				
				
				
				
				
				
				
				
				
				
				
				
				
				
				
				
				
				
				
				
				
				
				
				
				
				
				
				
				
				
				
				
				
				
				
				
				
				
				
				
				
				
				
				
				
				
				
				
				
				
				
				
				
				
				
				
				
				
				
				
				
				
				
				
				
				
				
				
				
				
				
				
				
				
				
				
				
				
				
				
				
				
				
				
				
				
				
				
				
				
				
				
				
				
				
				
				
				
				
				
				
				
				
				
				
				
				
				
				
				
				
				
				
				
				
				
				
				
				
				
				
				
				
				
				
				
				
				
				
				
				
				
				
				
				
				
				
				
				
				
				
				
				
				
				
				
				
				
				
				
				
				
				
				
				
				
				
				
				
				
				
				
				
				
				
				
				
				
				
				
				
				
				
				
				
				
				
				
				
				
				
				
				
				
				
				
				
				
				
				
				
				
				
				
				
				
				
				
				
				
				
				
				
				
				
				
				
				
				
				
				
				
				
				
				
				
				
				
				
				
				
				
				
				
				
				
				
				
				
				
				
				
				
				
				
				
				
				
				
				
				
				
				
				
				
				
				
				
				
				
				
				
				
				
				
				
				
				
				
				
				
				
				
				
				
				
				
				
				
				
				
				
				
				
				
				
				
				
				
				
				
				
				
				
				
				
				
				
				
				
				
				
				
				
				
				
				
				
				
				
				
				
				
				
				
				
				
				
				
				
				
				
				
				
				
				
				
				
				
				
				
				
				
				
				
				
				
				
				
				
				
				
				
				
				
				
				
				
				
				
				
				
				
				
				
				
				
				
				
				
				
				
				
				
				
				
				
				
				
				
				
				
				
				
				
				
				
				
				
				
				
				
				
				
				
				
				
				
				
				
				
				
				
				
				
				
				
				
				
				
				
				
				
				
				
				
				
				
				
				
				
				
				
				
				
				
				
				
				
				
				
				
				
				
				
				
				
				
				
				
				
				
				
				
				
				
				
				
				
				
				
				
				
				
				
				
				
				
				
				
				
				
				
				
				
				
				
				
				
				
				
				
				
				
				
				
				
				
				
				
				
				
				
				
				
				
				
				
				
				
				
				
				
				
				
				
				
				
				
