0	0	0.000	3844.000	0.000
0	50	0.000	3710.000	0.000
0	100	0.000	3212.000	0.000
0	150	0.000	3479.000	0.000
0	200	0.000	3236.000	0.000
0	250	2.000	3276.000	0.001
0	300	3.000	3162.000	0.001
0	350	2.000	3145.000	0.001
0	400	8.000	3153.000	0.003
0	450	4.000	3207.000	0.001
0	500	7.000	3334.000	0.002
0	550	1.000	3177.000	0.000
0	600	2.000	3230.000	0.001
0	650	3.000	3268.000	0.001
0	700	5.000	3215.000	0.002
0	750	1.000	3161.000	0.000
0	800	0.000	3049.000	0.000
0	850	4.000	3125.000	0.001
0	900	1.000	3108.000	0.000
0	950	1.000	3198.000	0.000
0	1000	8.000	3187.000	0.003
0	1050	6.000	3078.000	0.002
0	1100	4.000	3182.000	0.001
0	1150	4.000	3168.000	0.001
0	1200	5.000	3166.000	0.002
0	1250	5.000	3067.000	0.002
0	1300	6.000	3108.000	0.002
0	1350	3.000	3109.000	0.001
0	1400	7.000	3045.000	0.002
0	1450	18.000	3041.000	0.006
0	1500	30.000	3353.000	0.009
0	1550	39.000	3074.000	0.013
0	1600	27.000	3092.000	0.009
0	1650	53.000	3251.000	0.016
0	1700	61.000	3102.000	0.020
0	1750	59.000	3028.000	0.019
0	1800	60.000	3245.000	0.018
0	1850	61.000	3112.000	0.020
0	1900	43.000	3198.000	0.013
0	1950	38.000	3257.000	0.012
0	2000	26.000	3254.000	0.008
0	2050	27.000	3049.000	0.009
0	2100	36.000	3083.000	0.012
0	2150	31.000	3123.000	0.010
0	2200	31.000	3146.000	0.010
0	2250	29.000	3094.000	0.009
0	2300	37.000	3046.000	0.012
0	2350	49.000	3130.000	0.016
0	2400	50.000	3195.000	0.016
0	2450	54.000	3143.000	0.017
0	2500	61.000	3198.000	0.019
0	2550	49.000	3069.000	0.016
0	2600	31.000	3188.000	0.010
0	2650	19.000	3056.000	0.006
0	2700	17.000	3168.000	0.005
0	2750	9.000	3066.000	0.003
0	2800	5.000	3185.000	0.002
0	2850	6.000	3091.000	0.002
0	2900	8.000	3177.000	0.003
0	2950	3.000	3114.000	0.001
0	3000	1.000	3022.000	0.000
0	3050	1.000	3168.000	0.000
0	3100	4.000	3212.000	0.001
0	3150	3.000	3136.000	0.001
0	3200	1.000	3288.000	0.000
0	3250	3.000	3154.000	0.001
0	3300	8.000	3118.000	0.003
0	3350	5.000	3027.000	0.002
0	3400	1.000	3054.000	0.000
0	3450	4.000	3157.000	0.001
0	3500	2.000	3104.000	0.001
0	3550	0.000	3083.000	0.000
0	3600	3.000	3041.000	0.001
0	3650	4.000	3243.000	0.001
0	3700	3.000	3024.000	0.001
0	3750	4.000	3092.000	0.001
0	3800	0.000	3145.000	0.000
0	3850	0.000	3293.000	0.000
0	3900	6.000	3276.000	0.002
0	3950	2.000	3217.000	0.001
0	4000	3.000	3262.000	0.001
				
				
				
				
				
				
				
				
				
				
				
				
				
				
				
				
				
				
				
				
				
				
				
				
				
				
				
				
				
				
				
				
				
				
				
				
				
				
				
				
				
				
				
				
				
				
				
				
				
				
				
				
				
				
				
				
				
				
				
				
				
				
				
				
				
				
				
				
				
				
				
				
				
				
				
				
				
				
				
				
				
				
				
				
				
				
				
				
				
				
				
				
				
				
				
				
				
				
				
				
				
				
				
				
				
				
				
				
				
				
				
				
				
				
				
				
				
				
				
				
				
				
				
				
				
				
				
				
				
				
				
				
				
				
				
				
				
				
				
				
				
				
				
				
				
				
				
				
				
				
				
				
				
				
				
				
				
				
				
				
				
				
				
				
				
				
				
				
				
				
				
				
				
				
				
				
				
				
				
				
				
				
				
				
				
				
				
				
				
				
				
				
				
				
				
				
				
				
				
				
				
				
				
				
				
				
				
				
				
				
				
				
				
				
				
				
				
				
				
				
				
				
				
				
				
				
				
				
				
				
				
				
				
				
				
				
				
				
				
				
				
				
				
				
				
				
				
				
				
				
				
				
				
				
				
				
				
				
				
				
				
				
				
				
				
				
				
				
				
				
				
				
				
				
				
				
				
				
				
				
				
				
				
				
				
				
				
				
				
				
				
				
				
				
				
				
				
				
				
				
				
				
				
				
				
				
				
				
				
				
				
				
				
				
				
				
				
				
				
				
				
				
				
				
				
				
				
				
				
				
				
				
				
				
				
				
				
				
				
				
				
				
				
				
				
				
				
				
				
				
				
				
				
				
				
				
				
				
				
				
				
				
				
				
				
				
				
				
				
				
				
				
				
				
				
				
				
				
				
				
				
				
				
				
				
				
				
				
				
				
				
				
				
				
				
				
				
				
				
				
				
				
				
				
				
				
				
				
				
				
				
				
				
				
				
				
				
				
				
				
				
				
				
				
				
				
				
				
				
				
				
				
				
				
				
				
				
				
				
				
				
				
				
				
				
				
				
				
				
				
				
				
				
				
				
				
				
				
				
				
				
				
				
				
				
				
				
				
				
				
				
				
				
				
				
				
				
				
				
				
				
				
				
				
				
				
				
				
				
				
				
				
				
				
				
				
				
				
				
				
				
				
				
				
				
				
				
				
				
				
				
				
				
				
				
				
				
				
				
				
				
				
				
				
				
				
				
				
				
				
				
				
				
				
				
				
				
				
				
				
				
				
				
				
				
				
				
				
				
				
				
				
				
				
				
				
				
				
				
				
				
				
				
				
				
				
				
				
				
				
				
				
				
				
				
				
				
				
				
				
				
				
				
				
				
				
				
				
				
				
				
				
				
				
				
				
				
				
				
				
				
				
				
				
				
				
				
				
				
				
				
				
				
				
				
				
				
				
				
				
				
				
				
				
				
				
				
				
				
				
				
				
				
				
				
				
				
				
				
				
				
				
				
				
				
				
				
				
				
				
				
				
				
				
				
				
				
				
				
				
				
				
				
				
				
				
				
				
				
				
				
				
				
				
				
				
				
				
				
				
				
				
				
				
				
				
				
				
				
				
				
				
				
				
				
				
				
				
				
				
				
				
				
				
				
				
				
				
				
				
				
				
				
				
				
				
				
				
				
				
				
				
				
				
				
				
				
				
				
				
				
				
				
				
				
				
				
				
				
				
				
				
				
				
				
				
				
				
				
				
				
				
				
				
				
				
				
				
				
				
				
				
				
				
				
				
				
				
				
				
				
				
				
				
				
				
				
				
				
				
				
				
				
				
				
				
				
				
				
				
				
				
				
				
				
				
				
				
				
				
				
				
				
				
				
				
				
				
				
				
				
				
				
				
				
				
				
				
				
				
				
				
				
				
				
				
				
				
				
				
				
				
				
				
				
				
				
				
				
				
				
				
				
				
				
				
				
				
				
				
				
				
				
				
				
				
				
				
				
				
				
				
				
				
				
				
				
				
				
				
				
				
				
				
				
				
				
				
				
				
				
				
				
				
				
				
				
				
				
				
				
				
				
				
				
				
				
				
				
				
				
				
				
				
				
				
				
				
				
				
				
				
				
				
				
				
				
				
				
