0	0	150.000	2246.000	0.067
0	50	142.000	2282.000	0.062
0	100	138.000	2249.000	0.061
0	150	182.000	2211.000	0.082
0	200	167.000	2284.000	0.073
0	250	170.000	2234.000	0.076
0	300	195.000	2199.000	0.089
0	350	174.000	2194.000	0.079
0	400	203.000	2210.000	0.092
0	450	227.000	2216.000	0.102
0	500	188.000	2277.000	0.083
0	550	199.000	2155.000	0.092
0	600	193.000	2164.000	0.089
0	650	189.000	2140.000	0.088
0	700	227.000	2211.000	0.103
0	750	187.000	2215.000	0.084
0	800	207.000	2110.000	0.098
0	850	185.000	2168.000	0.085
0	900	239.000	2198.000	0.109
0	950	219.000	2272.000	0.096
0	1000	213.000	2188.000	0.097
0	1050	243.000	2154.000	0.113
0	1100	228.000	2123.000	0.107
0	1150	222.000	2105.000	0.105
0	1200	262.000	2140.000	0.122
0	1250	213.000	2059.000	0.103
0	1300	248.000	2146.000	0.116
0	1350	251.000	2100.000	0.120
0	1400	256.000	2074.000	0.123
0	1450	245.000	2073.000	0.118
0	1500	261.000	2096.000	0.125
0	1550	240.000	2112.000	0.114
0	1600	267.000	2137.000	0.125
0	1650	248.000	2055.000	0.121
0	1700	233.000	2091.000	0.111
0	1750	248.000	2011.000	0.123
0	1800	258.000	2191.000	0.118
0	1850	272.000	2116.000	0.129
0	1900	245.000	2010.000	0.122
0	1950	282.000	2104.000	0.134
0	2000	230.000	2053.000	0.112
0	2050	243.000	2077.000	0.117
0	2100	240.000	2135.000	0.112
0	2150	251.000	2159.000	0.116
0	2200	282.000	2123.000	0.133
0	2250	236.000	2126.000	0.111
0	2300	212.000	2086.000	0.102
0	2350	207.000	2118.000	0.098
0	2400	198.000	2055.000	0.096
0	2450	168.000	2032.000	0.083
0	2500	150.000	2111.000	0.071
0	2550	153.000	2002.000	0.076
0	2600	152.000	2109.000	0.072
0	2650	121.000	2011.000	0.060
0	2700	110.000	1995.000	0.055
0	2750	121.000	2123.000	0.057
0	2800	94.000	2112.000	0.045
0	2850	84.000	2009.000	0.042
0	2900	74.000	2170.000	0.034
0	2950	64.000	2036.000	0.031
0	3000	78.000	1999.000	0.039
0	3050	58.000	2075.000	0.028
0	3100	43.000	2045.000	0.021
0	3150	31.000	2124.000	0.015
0	3200	40.000	2156.000	0.019
0	3250	21.000	2097.000	0.010
0	3300	24.000	2068.000	0.012
0	3350	15.000	2122.000	0.007
0	3400	14.000	1999.000	0.007
0	3450	15.000	2039.000	0.007
0	3500	11.000	2106.000	0.005
0	3550	13.000	2118.000	0.006
0	3600	4.000	2091.000	0.002
0	3650	6.000	2055.000	0.003
0	3700	9.000	2072.000	0.004
0	3750	6.000	2058.000	0.003
0	3800	2.000	2057.000	0.001
0	3850	3.000	2038.000	0.001
0	3900	3.000	1982.000	0.002
0	3950	0.000	2152.000	0.000
0	4000	3.000	2122.000	0.001
				
				
				
				
				
				
				
				
				
				
				
				
				
				
				
				
				
				
				
				
				
				
				
				
				
				
				
				
				
				
				
				
				
				
				
				
				
				
				
				
				
				
				
				
				
				
				
				
				
				
				
				
				
				
				
				
				
				
				
				
				
				
				
				
				
				
				
				
				
				
				
				
				
				
				
				
				
				
				
				
				
				
				
				
				
				
				
				
				
				
				
				
				
				
				
				
				
				
				
				
				
				
				
				
				
				
				
				
				
				
				
				
				
				
				
				
				
				
				
				
				
				
				
				
				
				
				
				
				
				
				
				
				
				
				
				
				
				
				
				
				
				
				
				
				
				
				
				
				
				
				
				
				
				
				
				
				
				
				
				
				
				
				
				
				
				
				
				
				
				
				
				
				
				
				
				
				
				
				
				
				
				
				
				
				
				
				
				
				
				
				
				
				
				
				
				
				
				
				
				
				
				
				
				
				
				
				
				
				
				
				
				
				
				
				
				
				
				
				
				
				
				
				
				
				
				
				
				
				
				
				
				
				
				
				
				
				
				
				
				
				
				
				
				
				
				
				
				
				
				
				
				
				
				
				
				
				
				
				
				
				
				
				
				
				
				
				
				
				
				
				
				
				
				
				
				
				
				
				
				
				
				
				
				
				
				
				
				
				
				
				
				
				
				
				
				
				
				
				
				
				
				
				
				
				
				
				
				
				
				
				
				
				
				
				
				
				
				
				
				
				
				
				
				
				
				
				
				
				
				
				
				
				
				
				
				
				
				
				
				
				
				
				
				
				
				
				
				
				
				
				
				
				
				
				
				
				
				
				
				
				
				
				
				
				
				
				
				
				
				
				
				
				
				
				
				
				
				
				
				
				
				
				
				
				
				
				
				
				
				
				
				
				
				
				
				
				
				
				
				
				
				
				
				
				
				
				
				
				
				
				
				
				
				
				
				
				
				
				
				
				
				
				
				
				
				
				
				
				
				
				
				
				
				
				
				
				
				
				
				
				
				
				
				
				
				
				
				
				
				
				
				
				
				
				
				
				
				
				
				
				
				
				
				
				
				
				
				
				
				
				
				
				
				
				
				
				
				
				
				
				
				
				
				
				
				
				
				
				
				
				
				
				
				
				
				
				
				
				
				
				
				
				
				
				
				
				
				
				
				
				
				
				
				
				
				
				
				
				
				
				
				
				
				
				
				
				
				
				
				
				
				
				
				
				
				
				
				
				
				
				
				
				
				
				
				
				
				
				
				
				
				
				
				
				
				
				
				
				
				
				
				
				
				
				
				
				
				
				
				
				
				
				
				
				
				
				
				
				
				
				
				
				
				
				
				
				
				
				
				
				
				
				
				
				
				
				
				
				
				
				
				
				
				
				
				
				
				
				
				
				
				
				
				
				
				
				
				
				
				
				
				
				
				
				
				
				
				
				
				
				
				
				
				
				
				
				
				
				
				
				
				
				
				
				
				
				
				
				
				
				
				
				
				
				
				
				
				
				
				
				
				
				
				
				
				
				
				
				
				
				
				
				
				
				
				
				
				
				
				
				
				
				
				
				
				
				
				
				
				
				
				
				
				
				
				
				
				
				
				
				
				
				
				
				
				
				
				
				
				
				
				
				
				
				
				
				
				
				
				
				
				
				
				
				
				
				
				
				
				
				
				
				
				
				
				
				
				
				
				
				
				
				
				
				
				
				
				
				
				
				
				
				
				
				
				
				
				
				
				
				
				
				
				
				
				
				
				
				
				
				
				
				
				
				
				
				
				
				
				
				
				
				
				
				
				
				
				
				
				
				
				
				
				
				
				
				
				
				
				
				
				
				
				
				
				
				
				
				
				
				
				
				
				
				
				
				
				
				
				
				
				
				
				
				
				
				
				
				
				
				
				
				
				
				
				
				
				
				
				
				
				
				
				
				
				
				
				
				
				
				
				
				
				
				
				
				
				
				
				
				
				
				
				
				
				
				
				
				
				
				
				
				
				
				
				
				
				
				
				
				
				
				
				
				
				
				
				
				
				
				
				
				
				
				
				
				
				
				
				
				
				
				
				
				
				
				
				
				
				
				
				
				
				
				
				
				
				
				
