0	0	2.000	2367.000	0.001
0	50	2.000	2336.000	0.001
0	100	4.000	2325.000	0.002
0	150	1.000	2335.000	0.000
0	200	5.000	2320.000	0.002
0	250	5.000	2267.000	0.002
0	300	1.000	2210.000	0.000
0	350	5.000	2302.000	0.002
0	400	1.000	2180.000	0.000
0	450	4.000	2340.000	0.002
0	500	2.000	2370.000	0.001
0	550	6.000	2247.000	0.003
0	600	6.000	2268.000	0.003
0	650	4.000	2327.000	0.002
0	700	4.000	2330.000	0.002
0	750	2.000	2330.000	0.001
0	800	4.000	2304.000	0.002
0	850	3.000	2322.000	0.001
0	900	2.000	2239.000	0.001
0	950	4.000	2199.000	0.002
0	1000	3.000	2306.000	0.001
0	1050	3.000	2247.000	0.001
0	1100	5.000	2234.000	0.002
0	1150	2.000	2373.000	0.001
0	1200	6.000	2281.000	0.003
0	1250	4.000	2262.000	0.002
0	1300	3.000	2285.000	0.001
0	1350	7.000	2221.000	0.003
0	1400	3.000	2326.000	0.001
0	1450	7.000	2166.000	0.003
0	1500	6.000	2161.000	0.003
0	1550	11.000	2233.000	0.005
0	1600	4.000	2171.000	0.002
0	1650	7.000	2236.000	0.003
0	1700	7.000	2264.000	0.003
0	1750	4.000	2126.000	0.002
0	1800	5.000	2238.000	0.002
0	1850	12.000	2264.000	0.005
0	1900	7.000	2279.000	0.003
0	1950	14.000	2276.000	0.006
0	2000	13.000	2247.000	0.006
0	2050	7.000	2257.000	0.003
0	2100	14.000	2236.000	0.006
0	2150	16.000	2328.000	0.007
0	2200	20.000	2274.000	0.009
0	2250	19.000	2261.000	0.008
0	2300	30.000	2356.000	0.013
0	2350	28.000	2285.000	0.012
0	2400	16.000	2337.000	0.007
0	2450	17.000	2225.000	0.008
0	2500	14.000	2185.000	0.006
0	2550	16.000	2202.000	0.007
0	2600	20.000	2196.000	0.009
0	2650	16.000	2217.000	0.007
0	2700	24.000	2189.000	0.011
0	2750	30.000	2283.000	0.013
0	2800	33.000	2270.000	0.015
0	2850	32.000	2200.000	0.015
0	2900	52.000	2231.000	0.023
0	2950	47.000	2237.000	0.021
0	3000	49.000	2148.000	0.023
0	3050	36.000	2268.000	0.016
0	3100	29.000	2181.000	0.013
0	3150	23.000	2182.000	0.011
0	3200	21.000	2262.000	0.009
0	3250	16.000	2269.000	0.007
0	3300	19.000	2262.000	0.008
0	3350	18.000	2288.000	0.008
0	3400	14.000	2233.000	0.006
0	3450	12.000	2207.000	0.005
0	3500	12.000	2308.000	0.005
0	3550	14.000	2148.000	0.007
0	3600	15.000	2141.000	0.007
0	3650	10.000	2087.000	0.005
0	3700	6.000	2267.000	0.003
0	3750	12.000	2290.000	0.005
0	3800	18.000	2194.000	0.008
0	3850	12.000	2195.000	0.005
0	3900	11.000	2197.000	0.005
0	3950	16.000	2256.000	0.007
0	4000	11.000	2257.000	0.005
				
				
				
				
				
				
				
				
				
				
				
				
				
				
				
				
				
				
				
				
				
				
				
				
				
				
				
				
				
				
				
				
				
				
				
				
				
				
				
				
				
				
				
				
				
				
				
				
				
				
				
				
				
				
				
				
				
				
				
				
				
				
				
				
				
				
				
				
				
				
				
				
				
				
				
				
				
				
				
				
				
				
				
				
				
				
				
				
				
				
				
				
				
				
				
				
				
				
				
				
				
				
				
				
				
				
				
				
				
				
				
				
				
				
				
				
				
				
				
				
				
				
				
				
				
				
				
				
				
				
				
				
				
				
				
				
				
				
				
				
				
				
				
				
				
				
				
				
				
				
				
				
				
				
				
				
				
				
				
				
				
				
				
				
				
				
				
				
				
				
				
				
				
				
				
				
				
				
				
				
				
				
				
				
				
				
				
				
				
				
				
				
				
				
				
				
				
				
				
				
				
				
				
				
				
				
				
				
				
				
				
				
				
				
				
				
				
				
				
				
				
				
				
				
				
				
				
				
				
				
				
				
				
				
				
				
				
				
				
				
				
				
				
				
				
				
				
				
				
				
				
				
				
				
				
				
				
				
				
				
				
				
				
				
				
				
				
				
				
				
				
				
				
				
				
				
				
				
				
				
				
				
				
				
				
				
				
				
				
				
				
				
				
				
				
				
				
				
				
				
				
				
				
				
				
				
				
				
				
				
				
				
				
				
				
				
				
				
				
				
				
				
				
				
				
				
				
				
				
				
				
				
				
				
				
				
				
				
				
				
				
				
				
				
				
				
				
				
				
				
				
				
				
				
				
				
				
				
				
				
				
				
				
				
				
				
				
				
				
				
				
				
				
				
				
				
				
				
				
				
				
				
				
				
				
				
				
				
				
				
				
				
				
				
				
				
				
				
				
				
				
				
				
				
				
				
				
				
				
				
				
				
				
				
				
				
				
				
				
				
				
				
				
				
				
				
				
				
				
				
				
				
				
				
				
				
				
				
				
				
				
				
				
				
				
				
				
				
				
				
				
				
				
				
				
				
				
				
				
				
				
				
				
				
				
				
				
				
				
				
				
				
				
				
				
				
				
				
				
				
				
				
				
				
				
				
				
				
				
				
				
				
				
				
				
				
				
				
				
				
				
				
				
				
				
				
				
				
				
				
				
				
				
				
				
				
				
				
				
				
				
				
				
				
				
				
				
				
				
				
				
				
				
				
				
				
				
				
				
				
				
				
				
				
				
				
				
				
				
				
				
				
				
				
				
				
				
				
				
				
				
				
				
				
				
				
				
				
				
				
				
				
				
				
				
				
				
				
				
				
				
				
				
				
				
				
				
				
				
				
				
				
				
				
				
				
				
				
				
				
				
				
				
				
				
				
				
				
				
				
				
				
				
				
				
				
				
				
				
				
				
				
				
				
				
				
				
				
				
				
				
				
				
				
				
				
				
				
				
				
				
				
				
				
				
				
				
				
				
				
				
				
				
				
				
				
				
				
				
				
				
				
				
				
				
				
				
				
				
				
				
				
				
				
				
				
				
				
				
				
				
				
				
				
				
				
				
				
				
				
				
				
				
				
				
				
				
				
				
				
				
				
				
				
				
				
				
				
				
				
				
				
				
				
				
				
				
				
				
				
				
				
				
				
				
				
				
				
				
				
				
				
				
				
				
				
				
				
				
				
				
				
				
				
				
				
				
				
				
				
				
				
				
				
				
				
				
				
				
				
				
				
				
				
				
				
				
				
				
				
				
				
				
				
				
				
				
				
				
				
				
				
				
				
				
				
				
				
				
				
				
				
				
				
				
				
				
				
				
				
				
				
				
				
				
				
				
				
				
				
				
				
				
				
				
				
				
				
				
				
				
				
				
				
				
				
				
				
				
				
				
				
				
				
				
				
				
				
				
				
				
				
				
				
				
				
				
				
				
				
				
				
				
				
				
				
				
				
				
				
				
				
				
				
				
				
				
				
				
				
				
				
				
				
				
				
				
				
				
				
				
				
				
				
				
				
				
				
				
				
				
				
				
				
				
				
				
				
				
				
				
				
				
				
				
				
				
				
				
				
				
				
				
				
				
				
				
				
				
