0	0	4.000	2.000	2.000
0	50	5.000	2345.000	0.002
0	100	14.000	2350.000	0.006
0	150	5.000	2466.000	0.002
0	200	7.000	2446.000	0.003
0	250	8.000	2451.000	0.003
0	300	12.000	2536.000	0.005
0	350	11.000	2486.000	0.004
0	400	9.000	2417.000	0.004
0	450	10.000	2505.000	0.004
0	500	11.000	2310.000	0.005
0	550	10.000	2505.000	0.004
0	600	14.000	2396.000	0.006
0	650	8.000	2424.000	0.003
0	700	5.000	2426.000	0.002
0	750	5.000	2557.000	0.002
0	800	13.000	2501.000	0.005
0	850	7.000	2450.000	0.003
0	900	8.000	2539.000	0.003
0	950	8.000	2477.000	0.003
0	1000	8.000	2394.000	0.003
0	1050	14.000	2438.000	0.006
0	1100	19.000	2399.000	0.008
0	1150	23.000	2302.000	0.010
0	1200	0.000	24.000	0.000
0	1250	29.000	2389.000	0.012
0	1300	33.000	2378.000	0.014
0	1350	79.000	2318.000	0.034
0	1400	113.000	2462.000	0.046
0	1450	152.000	2458.000	0.062
0	1500	152.000	2352.000	0.065
0	1550	146.000	2456.000	0.059
0	1600	145.000	2294.000	0.063
0	1650	166.000	2280.000	0.073
0	1700	138.000	2436.000	0.057
0	1750	152.000	2410.000	0.063
0	1800	137.000	2397.000	0.057
0	1850	151.000	2335.000	0.065
0	1900	137.000	2482.000	0.055
0	1950	156.000	2366.000	0.066
0	2000	158.000	2310.000	0.068
0	2050	170.000	2410.000	0.071
0	2100	137.000	2436.000	0.056
0	2150	114.000	2260.000	0.050
0	2200	52.000	2425.000	0.021
0	2250	40.000	2378.000	0.017
0	2300	26.000	2367.000	0.011
0	2350	30.000	2452.000	0.012
0	2400	14.000	2402.000	0.006
0	2450	10.000	2343.000	0.004
0	2500	14.000	2304.000	0.006
0	2550	7.000	2361.000	0.003
0	2600	12.000	2288.000	0.005
0	2650	13.000	2441.000	0.005
0	2700	12.000	2391.000	0.005
0	2750	10.000	2417.000	0.004
0	2800	9.000	2344.000	0.004
0	2850	8.000	2204.000	0.004
0	2900	8.000	2379.000	0.003
0	2950	10.000	2349.000	0.004
0	3000	2.000	2444.000	0.001
0	3050	7.000	2283.000	0.003
0	3100	9.000	2379.000	0.004
0	3150	4.000	2244.000	0.002
0	3200	7.000	2392.000	0.003
0	3250	4.000	2235.000	0.002
0	3300	1.000	2374.000	0.000
0	3350	2.000	2369.000	0.001
0	3400	4.000	2252.000	0.002
0	3450	3.000	2330.000	0.001
0	3500	5.000	2378.000	0.002
0	3550	2.000	2303.000	0.001
0	3600	1.000	2284.000	0.000
0	3650	1.000	2345.000	0.000
0	3700	2.000	2260.000	0.001
0	3750	6.000	2314.000	0.003
0	3800	3.000	2328.000	0.001
0	3850	2.000	2347.000	0.001
0	3900	2.000	2428.000	0.001
0	3950	1.000	2299.000	0.000
0	4000	2.000	2299.000	0.001
				
				
				
				
				
				
				
				
				
				
				
				
				
				
				
				
				
				
				
				
				
				
				
				
				
				
				
				
				
				
				
				
				
				
				
				
				
				
				
				
				
				
				
				
				
				
				
				
				
				
				
				
				
				
				
				
				
				
				
				
				
				
				
				
				
				
				
				
				
				
				
				
				
				
				
				
				
				
				
				
				
				
				
				
				
				
				
				
				
				
				
				
				
				
				
				
				
				
				
				
				
				
				
				
				
				
				
				
				
				
				
				
				
				
				
				
				
				
				
				
				
				
				
				
				
				
				
				
				
				
				
				
				
				
				
				
				
				
				
				
				
				
				
				
				
				
				
				
				
				
				
				
				
				
				
				
				
				
				
				
				
				
				
				
				
				
				
				
				
				
				
				
				
				
				
				
				
				
				
				
				
				
				
				
				
				
				
				
				
				
				
				
				
				
				
				
				
				
				
				
				
				
				
				
				
				
				
				
				
				
				
				
				
				
				
				
				
				
				
				
				
				
				
				
				
				
				
				
				
				
				
				
				
				
				
				
				
				
				
				
				
				
				
				
				
				
				
				
				
				
				
				
				
				
				
				
				
				
				
				
				
				
				
				
				
				
				
				
				
				
				
				
				
				
				
				
				
				
				
				
				
				
				
				
				
				
				
				
				
				
				
				
				
				
				
				
				
				
				
				
				
				
				
				
				
				
				
				
				
				
				
				
				
				
				
				
				
				
				
				
				
				
				
				
				
				
				
				
				
				
				
				
				
				
				
				
				
				
				
				
				
				
				
				
				
				
				
				
				
				
				
				
				
				
				
				
				
				
				
				
				
				
				
				
				
				
				
				
				
				
				
				
				
				
				
				
				
				
				
				
				
				
				
				
				
				
				
				
				
				
				
				
				
				
				
				
				
				
				
				
				
				
				
				
				
				
				
				
				
				
				
				
				
				
				
				
				
				
				
				
				
				
				
				
				
				
				
				
				
				
				
				
				
				
				
				
				
				
				
				
				
				
				
				
				
				
				
				
				
				
				
				
				
				
				
				
				
				
				
				
				
				
				
				
				
				
				
				
				
				
				
				
				
				
				
				
				
				
				
				
				
				
				
				
				
				
				
				
				
				
				
				
				
				
				
				
				
				
				
				
				
				
				
				
				
				
				
				
				
				
				
				
				
				
				
				
				
				
				
				
				
				
				
				
				
				
				
				
				
				
				
				
				
				
				
				
				
				
				
				
				
				
				
				
				
				
				
				
				
				
				
				
				
				
				
				
				
				
				
				
				
				
				
				
				
				
				
				
				
				
				
				
				
				
				
				
				
				
				
				
				
				
				
				
				
				
				
				
				
				
				
				
				
				
				
				
				
				
				
				
				
				
				
				
				
				
				
				
				
				
				
				
				
				
				
				
				
				
				
				
				
				
				
				
				
				
				
				
				
				
				
				
				
				
				
				
				
				
				
				
				
				
				
				
				
				
				
				
				
				
				
				
				
				
				
				
				
				
				
				
				
				
				
				
				
				
				
				
				
				
				
				
				
				
				
				
				
				
				
				
				
				
				
				
				
				
				
				
				
				
				
				
				
				
				
				
				
				
				
				
				
				
				
				
				
				
				
				
				
				
				
				
				
				
				
				
				
				
				
				
				
				
				
				
				
				
				
				
				
				
				
				
				
				
				
				
				
				
				
				
				
				
				
				
				
				
				
				
				
				
				
				
				
				
				
				
				
				
				
				
				
				
				
				
				
				
				
				
				
				
				
				
				
				
				
				
				
				
				
				
				
				
				
				
				
				
				
				
				
				
				
				
				
				
				
				
				
				
				
				
				
				
				
				
				
				
				
				
				
				
				
				
				
				
				
				
				
				
				
				
				
				
				
				
				
				
				
				
				
				
				
				
				
				
				
				
				
				
				
				
				
				
				
				
				
				
				
				
				
				
				
				
				
				
				
				
				
				
				
				
				
				
				
				
				
				
				
				
				
				
				
				
				
				
				
				
				
				
				
				
				
				
				
				
				
				
				
				
				
				
				
				
				
				
				
				
				
				
				
				
				
				
				
				
				
				
				
				
				
				
				
				
				
				
				
				
				
				
				
