0	0	0.000	0.000	NaN
0	50	10.000	2696.000	0.004
0	100	10.000	2644.000	0.004
0	150	6.000	2674.000	0.002
0	200	7.000	2697.000	0.003
0	250	7.000	2674.000	0.003
0	300	8.000	2605.000	0.003
0	350	16.000	2546.000	0.006
0	400	6.000	2623.000	0.002
0	450	10.000	2657.000	0.004
0	500	20.000	2685.000	0.007
0	550	18.000	2575.000	0.007
0	600	18.000	2637.000	0.007
0	650	22.000	2587.000	0.009
0	700	38.000	2606.000	0.015
0	750	70.000	2668.000	0.026
0	800	95.000	2592.000	0.037
0	850	155.000	2648.000	0.059
0	900	158.000	2624.000	0.060
0	950	162.000	2513.000	0.064
0	1000	162.000	2578.000	0.063
0	1050	139.000	2619.000	0.053
0	1100	129.000	2670.000	0.048
0	1150	129.000	2680.000	0.048
0	1200	123.000	2656.000	0.046
0	1250	133.000	2540.000	0.052
0	1300	143.000	2627.000	0.054
0	1350	113.000	2694.000	0.042
0	1400	153.000	2585.000	0.059
0	1450	160.000	2632.000	0.061
0	1500	180.000	2689.000	0.067
0	1550	154.000	2687.000	0.057
0	1600	104.000	2653.000	0.039
0	1650	44.000	2620.000	0.017
0	1700	32.000	2583.000	0.012
0	1750	23.000	2660.000	0.009
0	1800	15.000	2527.000	0.006
0	1850	9.000	2672.000	0.003
0	1900	18.000	2751.000	0.007
0	1950	11.000	2671.000	0.004
0	2000	3.000	2560.000	0.001
0	2050	2.000	2591.000	0.001
0	2100	5.000	2572.000	0.002
0	2150	9.000	2620.000	0.003
0	2200	13.000	2472.000	0.005
0	2250	5.000	2629.000	0.002
0	2300	8.000	2594.000	0.003
0	2350	12.000	2558.000	0.005
0	2400	8.000	2621.000	0.003
0	2450	2.000	2574.000	0.001
0	2500	3.000	2722.000	0.001
0	2550	4.000	2675.000	0.001
0	2600	3.000	2555.000	0.001
0	2650	1.000	2666.000	0.000
0	2700	1.000	2595.000	0.000
0	2750	1.000	2646.000	0.000
0	2800	3.000	2555.000	0.001
0	2850	2.000	2572.000	0.001
0	2900	2.000	2565.000	0.001
0	2950	1.000	2587.000	0.000
0	3000	1.000	2526.000	0.000
0	3050	2.000	2579.000	0.001
0	3100	2.000	2564.000	0.001
0	3150	1.000	2518.000	0.000
0	3200	2.000	2568.000	0.001
0	3250	1.000	2582.000	0.000
0	3300	4.000	2659.000	0.002
0	3350	2.000	2598.000	0.001
0	3400	2.000	2488.000	0.001
0	3450	2.000	2585.000	0.001
0	3500	1.000	2449.000	0.000
0	3550	0.000	2674.000	0.000
0	3600	2.000	2482.000	0.001
0	3650	1.000	2580.000	0.000
0	3700	2.000	2641.000	0.001
0	3750	1.000	2640.000	0.000
0	3800	1.000	2536.000	0.000
0	3850	2.000	2532.000	0.001
0	3900	1.000	2558.000	0.000
0	3950	0.000	2678.000	0.000
0	4000	1.000	2462.000	0.000
0	4050	1.000	2595.000	0.000
0	4100	0.000	2527.000	0.000
0	4150	3.000	2555.000	0.001
0	4200	4.000	2613.000	0.002
0	4250	0.000	2524.000	0.000
0	4300	2.000	2551.000	0.001
0	4350	1.000	2575.000	0.000
0	4400	1.000	2720.000	0.000
0	4450	5.000	2614.000	0.002
0	4500	1.000	2591.000	0.000
0	4550	1.000	2573.000	0.000
0	4600	0.000	2509.000	0.000
0	4650	2.000	2584.000	0.001
0	4700	0.000	2550.000	0.000
0	4750	2.000	2514.000	0.001
0	4800	0.000	2487.000	0.000
0	4850	0.000	2560.000	0.000
0	4900	2.000	2511.000	0.001
0	4950	3.000	2453.000	0.001
0	5000	1.000	2500.000	0.000
				
				
				
				
				
				
				
				
				
				
				
				
				
				
				
				
				
				
				
				
				
				
				
				
				
				
				
				
				
				
				
				
				
				
				
				
				
				
				
				
				
				
				
				
				
				
				
				
				
				
				
				
				
				
				
				
				
				
				
				
				
				
				
				
				
				
				
				
				
				
				
				
				
				
				
				
				
				
				
				
				
				
				
				
				
				
				
				
				
				
				
				
				
				
				
				
				
				
				
				
				
				
				
				
				
				
				
				
				
				
				
				
				
				
				
				
				
				
				
				
				
				
				
				
				
				
				
				
				
				
				
				
				
				
				
				
				
				
				
				
				
				
				
				
				
				
				
				
				
				
				
				
				
				
				
				
				
				
				
				
				
				
				
				
				
				
				
				
				
				
				
				
				
				
				
				
				
				
				
				
				
				
				
				
				
				
				
				
				
				
				
				
				
				
				
				
				
				
				
				
				
				
				
				
				
				
				
				
				
				
				
				
				
				
				
				
				
				
				
				
				
				
				
				
				
				
				
				
				
				
				
				
				
				
				
				
				
				
				
				
				
				
				
				
				
				
				
				
				
				
				
				
				
				
				
				
				
				
				
				
				
				
				
				
				
				
				
				
				
				
				
				
				
				
				
				
				
				
				
				
				
				
				
				
				
				
				
				
				
				
				
				
				
				
				
				
				
				
				
				
				
				
				
				
				
				
				
				
				
				
				
				
				
				
				
				
				
				
				
				
				
				
				
				
				
				
				
				
				
				
				
				
				
				
				
				
				
				
				
				
				
				
				
				
				
				
				
				
				
				
				
				
				
				
				
				
				
				
				
				
				
				
				
				
				
				
				
				
				
				
				
				
				
				
				
				
				
				
				
				
				
				
				
				
				
				
				
				
				
				
				
				
				
				
				
				
				
				
				
				
				
				
				
				
				
				
				
				
				
				
				
				
				
				
				
				
				
				
				
				
				
				
				
				
				
				
				
				
				
				
				
				
				
				
				
				
				
				
				
				
				
				
				
				
				
				
				
				
				
				
				
				
				
				
				
				
				
				
				
				
				
				
				
				
				
				
				
				
				
				
				
				
				
				
				
				
				
				
				
				
				
				
				
				
				
				
				
				
				
				
				
				
				
				
				
				
				
				
				
				
				
				
				
				
				
				
				
				
				
				
				
				
				
				
				
				
				
				
				
				
				
				
				
				
				
				
				
				
				
				
				
				
				
				
				
				
				
				
				
				
				
				
				
				
				
				
				
				
				
				
				
				
				
				
				
				
				
				
				
				
				
				
				
				
				
				
				
				
				
				
				
				
				
				
				
				
				
				
				
				
				
				
				
				
				
				
				
				
				
				
				
				
				
				
				
				
				
				
				
				
				
				
				
				
				
				
				
				
				
				
				
				
				
				
				
				
				
				
				
				
				
				
				
				
				
				
				
				
				
				
				
				
				
				
				
				
				
				
				
				
				
				
				
				
				
				
				
				
				
				
				
				
				
				
				
				
				
				
				
				
				
				
				
				
				
				
				
				
				
				
				
				
				
				
				
				
				
				
				
				
				
				
				
				
				
				
				
				
				
				
				
				
				
				
				
				
				
				
				
				
				
				
				
				
				
				
				
				
				
				
				
				
				
				
				
				
				
				
				
				
				
				
				
				
				
				
				
				
				
				
				
				
				
				
				
				
				
				
				
				
				
				
				
				
				
				
				
				
				
				
				
				
				
				
				
				
				
				
				
				
				
				
				
				
				
				
				
				
				
				
				
				
				
				
				
				
				
				
				
				
				
				
				
				
				
				
				
				
				
				
				
				
				
				
				
				
				
				
				
				
				
				
				
				
				
				
				
				
				
				
				
				
				
				
				
				
				
				
				
				
				
				
				
				
				
				
				
				
				
				
				
				
				
				
				
				
				
				
				
				
				
				
				
				
				
				
				
				
				
				
				
				
				
				
				
				
				
				
				
				
				
				
				
				
				
				
				
				
				
				
				
				
				
				
				
				
				
				
				
				
				
				
				
				
				
				
				
				
				
				
				
				
				
				
				
				
				
				
				
