0	0	0.000	0.000	NaN
0	50	5.000	0.000	Inf
0	100	1.000	0.000	Inf
0	150	3.000	0.000	Inf
0	200	4.000	0.000	Inf
0	250	4.000	0.000	Inf
0	300	0.000	0.000	NaN
0	350	3.000	0.000	Inf
0	400	4.000	0.000	Inf
0	450	3.000	0.000	Inf
0	500	2.000	0.000	Inf
0	550	7.000	0.000	Inf
0	600	7.000	0.000	Inf
0	700	4.000	0.000	Inf
0	800	6.000	0.000	Inf
0	900	4.000	0.000	Inf
0	1000	7.000	0.000	Inf
0	1100	18.000	0.000	Inf
0	1200	27.000	0.000	Inf
0	1250	32.000	0.000	Inf
0	1300	52.000	0.000	Inf
0	1350	52.000	0.000	Inf
0	1400	46.000	0.000	Inf
0	1450	0.000	46.000	0.000
0	1500	33.000	0.000	Inf
0	1550	22.000	0.000	Inf
0	1600	20.000	0.000	Inf
0	1650	14.000	0.000	Inf
0	1700	7.000	0.000	Inf
0	1750	5.000	0.000	Inf
0	1800	6.000	0.000	Inf
0	1850	5.000	0.000	Inf
0	1900	6.000	0.000	Inf
0	1950	3.000	0.000	Inf
0	2000	8.000	4.000	2.000
0	2050	2.000	0.000	Inf
0	2100	4.000	0.000	Inf
0	2150	11.000	0.000	Inf
0	2200	12.000	0.000	Inf
0	2250	17.000	0.000	Inf
0	2300	27.000	0.000	Inf
0	2350	43.000	0.000	Inf
0	2400	28.000	0.000	Inf
0	2450	40.000	0.000	Inf
0	2500	45.000	0.000	Inf
0	2550	33.000	0.000	Inf
0	2600	11.000	0.000	Inf
0	2650	19.000	0.000	Inf
0	2700	12.000	0.000	Inf
0	2750	4.000	0.000	Inf
0	2800	5.000	0.000	Inf
0	2850	2.000	0.000	Inf
0	2900	3.000	0.000	Inf
0	2950	4.000	0.000	Inf
0	3000	3.000	0.000	Inf
0	3050	3.000	0.000	Inf
0	3100	3.000	0.000	Inf
0	3150	1.000	0.000	Inf
0	3200	1.000	0.000	Inf
0	3250	0.000	0.000	NaN
0	3300	0.000	1.000	0.000
				
				
				
				
				
				
				
				
				
				
				
				
				
				
				
				
				
				
				
				
				
				
				
				
				
				
				
				
				
				
				
				
				
				
				
				
				
				
				
				
				
				
				
				
				
				
				
				
				
				
				
				
				
				
				
				
				
				
				
				
				
				
				
				
				
				
				
				
				
				
				
				
				
				
				
				
				
				
				
				
				
				
				
				
				
				
				
				
				
				
				
				
				
				
				
				
				
				
				
				
				
				
				
				
				
				
				
				
				
				
				
				
				
				
				
				
				
				
				
				
				
				
				
				
				
				
				
				
				
				
				
				
				
				
				
				
				
				
				
				
				
				
				
				
				
				
				
				
				
				
				
				
				
				
				
				
				
				
				
				
				
				
				
				
				
				
				
				
				
				
				
				
				
				
				
				
				
				
				
				
				
				
				
				
				
				
				
				
				
				
				
				
				
				
				
				
				
				
				
				
				
				
				
				
				
				
				
				
				
				
				
				
				
				
				
				
				
				
				
				
				
				
				
				
				
				
				
				
				
				
				
				
				
				
				
				
				
				
				
				
				
				
				
				
				
				
				
				
				
				
				
				
				
				
				
				
				
				
				
				
				
				
				
				
				
				
				
				
				
				
				
				
				
				
				
				
				
				
				
				
				
				
				
				
				
				
				
				
				
				
				
				
				
				
				
				
				
				
				
				
				
				
				
				
				
				
				
				
				
				
				
				
				
				
				
				
				
				
				
				
				
				
				
				
				
				
				
				
				
				
				
				
				
				
				
				
				
				
				
				
				
				
				
				
				
				
				
				
				
				
				
				
				
				
				
				
				
				
				
				
				
				
				
				
				
				
				
				
				
				
				
				
				
				
				
				
				
				
				
				
				
				
				
				
				
				
				
				
				
				
				
				
				
				
				
				
				
				
				
				
				
				
				
				
				
				
				
				
				
				
				
				
				
				
				
				
				
				
				
				
				
				
				
				
				
				
				
				
				
				
				
				
				
				
				
				
				
				
				
				
				
				
				
				
				
				
				
				
				
				
				
				
				
				
				
				
				
				
				
				
				
				
				
				
				
				
				
				
				
				
				
				
				
				
				
				
				
				
				
				
				
				
				
				
				
				
				
				
				
				
				
				
				
				
				
				
				
				
				
				
				
				
				
				
				
				
				
				
				
				
				
				
				
				
				
				
				
				
				
				
				
				
				
				
				
				
				
				
				
				
				
				
				
				
				
				
				
				
				
				
				
				
				
				
				
				
				
				
				
				
				
				
				
				
				
				
				
				
				
				
				
				
				
				
				
				
				
				
				
				
				
				
				
				
				
				
				
				
				
				
				
				
				
				
				
				
				
				
				
				
				
				
				
				
				
				
				
				
				
				
				
				
				
				
				
				
				
				
				
				
				
				
				
				
				
				
				
				
				
				
				
				
				
				
				
				
				
				
				
				
				
				
				
				
				
				
				
				
				
				
				
				
				
				
				
				
				
				
				
				
				
				
				
				
				
				
				
				
				
				
				
				
				
				
				
				
				
				
				
				
				
				
				
				
				
				
				
				
				
				
				
				
				
				
				
				
				
				
				
				
				
				
				
				
				
				
				
				
				
				
				
				
				
				
				
				
				
				
				
				
				
				
				
				
				
				
				
				
				
				
				
				
				
				
				
				
				
				
				
				
				
				
				
				
				
				
				
				
				
				
				
				
				
				
				
				
				
				
				
				
				
				
				
				
				
				
				
				
				
				
				
				
				
				
				
				
				
				
				
				
				
				
				
				
				
				
				
				
				
				
				
				
				
				
				
				
				
				
				
				
				
				
				
				
				
				
				
				
				
				
				
				
				
				
				
				
				
				
				
				
				
				
				
				
				
				
				
				
				
				
				
				
				
				
				
				
				
				
				
				
				
				
				
				
				
				
				
				
				
				
				
				
				
				
				
				
				
				
				
				
				
				
				
				
				
				
				
				
				
				
				
				
				
				
				
				
				
				
				
				
				
				
				
				
				
				
				
				
				
				
				
				
				
				
				
				
				
				
				
				
				
				
				
				
				
				
				
				
				
				
				
				
				
				
				
				
				
				
				
				
				
				
				
				
				
				
				
				
				
				
				
				
				
				
				
				
				
				
				
				
				
				
				
				
				
				
				
				
				
