0	0	0.000	0.000	NaN
0	50	0.000	498.000	0.000
0	100	1.000	5975.000	0.000
0	150	0.000	7211.000	0.000
0	200	1.000	7312.000	0.000
0	250	0.000	1108.000	0.000
0	300	1.000	1025.000	0.001
0	350	1.000	2320.000	0.000
0	400	1.000	1205.000	0.001
0	450	2.000	209.000	0.010
0	500	1.000	153.000	0.007
0	550	1.000	188.000	0.005
0	600	1.000	361.000	0.003
0	650	2.000	913.000	0.002
0	700	2.000	986.000	0.002
0	750	2.000	1034.000	0.002
0	800	4.000	515.000	0.008
0	850	1.000	212.000	0.005
0	900	4.000	376.000	0.011
0	950	1.000	92.000	0.011
0	1000	1.000	647.000	0.002
0	1050	2.000	155.000	0.013
0	1100	1.000	90.000	0.011
0	1150	1.000	126.000	0.008
0	1200	0.000	341.000	0.000
0	1250	1.000	1123.000	0.001
0	1300	1.000	920.000	0.001
0	1350	2.000	449.000	0.004
0	1400	2.000	347.000	0.006
0	1450	3.000	1957.000	0.002
0	1500	3.000	1994.000	0.002
0	1550	1.000	2335.000	0.000
0	1600	1.000	1096.000	0.001
0	1650	1.000	1363.000	0.001
0	1700	3.000	2025.000	0.001
0	1750	1.000	569.000	0.002
0	1800	1.000	1365.000	0.001
0	1850	4.000	2336.000	0.002
0	1900	5.000	741.000	0.007
0	1950	5.000	102.000	0.049
0	2000	6.000	169.000	0.036
0	2050	6.000	560.000	0.011
0	2100	2.000	1527.000	0.001
0	2150	3.000	1011.000	0.003
0	2200	11.000	415.000	0.027
0	2250	3.000	2961.000	0.001
0	2300	2.000	2885.000	0.001
0	2350	0.000	3203.000	0.000
0	2400	3.000	3351.000	0.001
0	2450	7.000	1215.000	0.006
0	2500	3.000	678.000	0.004
0	2550	6.000	668.000	0.009
0	2600	11.000	1750.000	0.006
0	2650	10.000	820.000	0.012
0	2700	11.000	1155.000	0.010
0	2750	12.000	139.000	0.086
0	2800	4.000	582.000	0.007
0	2850	9.000	1439.000	0.006
0	2900	8.000	1718.000	0.005
0	2950	0.000	4283.000	0.000
0	3000	2.000	2570.000	0.001
0	3050	2.000	2909.000	0.001
0	3100	6.000	2057.000	0.003
0	3150	4.000	1118.000	0.004
0	3200	6.000	764.000	0.008
0	3250	3.000	1912.000	0.002
0	3300	0.000	4631.000	0.000
0	3350	0.000	5021.000	0.000
0	3400	0.000	5049.000	0.000
0	3450	0.000	4997.000	0.000
0	3500	0.000	4990.000	0.000
0	3550	0.000	4998.000	0.000
0	3600	0.000	5032.000	0.000
0	3650	0.000	5004.000	0.000
0	3700	0.000	5001.000	0.000
0	3750	0.000	5000.000	0.000
0	3800	0.000	4974.000	0.000
0	3850	0.000	4977.000	0.000
0	3900	0.000	4967.000	0.000
0	3950	0.000	4880.000	0.000
0	4000	0.000	4750.000	0.000
				
				
				
				
				
				
				
				
				
				
				
				
				
				
				
				
				
				
				
				
				
				
				
				
				
				
				
				
				
				
				
				
				
				
				
				
				
				
				
				
				
				
				
				
				
				
				
				
				
				
				
				
				
				
				
				
				
				
				
				
				
				
				
				
				
				
				
				
				
				
				
				
				
				
				
				
				
				
				
				
				
				
				
				
				
				
				
				
				
				
				
				
				
				
				
				
				
				
				
				
				
				
				
				
				
				
				
				
				
				
				
				
				
				
				
				
				
				
				
				
				
				
				
				
				
				
				
				
				
				
				
				
				
				
				
				
				
				
				
				
				
				
				
				
				
				
				
				
				
				
				
				
				
				
				
				
				
				
				
				
				
				
				
				
				
				
				
				
				
				
				
				
				
				
				
				
				
				
				
				
				
				
				
				
				
				
				
				
				
				
				
				
				
				
				
				
				
				
				
				
				
				
				
				
				
				
				
				
				
				
				
				
				
				
				
				
				
				
				
				
				
				
				
				
				
				
				
				
				
				
				
				
				
				
				
				
				
				
				
				
				
				
				
				
				
				
				
				
				
				
				
				
				
				
				
				
				
				
				
				
				
				
				
				
				
				
				
				
				
				
				
				
				
				
				
				
				
				
				
				
				
				
				
				
				
				
				
				
				
				
				
				
				
				
				
				
				
				
				
				
				
				
				
				
				
				
				
				
				
				
				
				
				
				
				
				
				
				
				
				
				
				
				
				
				
				
				
				
				
				
				
				
				
				
				
				
				
				
				
				
				
				
				
				
				
				
				
				
				
				
				
				
				
				
				
				
				
				
				
				
				
				
				
				
				
				
				
				
				
				
				
				
				
				
				
				
				
				
				
				
				
				
				
				
				
				
				
				
				
				
				
				
				
				
				
				
				
				
				
				
				
				
				
				
				
				
				
				
				
				
				
				
				
				
				
				
				
				
				
				
				
				
				
				
				
				
				
				
				
				
				
				
				
				
				
				
				
				
				
				
				
				
				
				
				
				
				
				
				
				
				
				
				
				
				
				
				
				
				
				
				
				
				
				
				
				
				
				
				
				
				
				
				
				
				
				
				
				
				
				
				
				
				
				
				
				
				
				
				
				
				
				
				
				
				
				
				
				
				
				
				
				
				
				
				
				
				
				
				
				
				
				
				
				
				
				
				
				
				
				
				
				
				
				
				
				
				
				
				
				
				
				
				
				
				
				
				
				
				
				
				
				
				
				
				
				
				
				
				
				
				
				
				
				
				
				
				
				
				
				
				
				
				
				
				
				
				
				
				
				
				
				
				
				
				
				
				
				
				
				
				
				
				
				
				
				
				
				
				
				
				
				
				
				
				
				
				
				
				
				
				
				
				
				
				
				
				
				
				
				
				
				
				
				
				
				
				
				
				
				
				
				
				
				
				
				
				
				
				
				
				
				
				
				
				
				
				
				
				
				
				
				
				
				
				
				
				
				
				
				
				
				
				
				
				
				
				
				
				
				
				
				
				
				
				
				
				
				
				
				
				
				
				
				
				
				
				
				
				
				
				
				
				
				
				
				
				
				
				
				
				
				
				
				
				
				
				
				
				
				
				
				
				
				
				
				
				
				
				
				
				
				
				
				
				
				
				
				
				
				
				
				
				
				
				
				
				
				
				
				
				
				
				
				
				
				
				
				
				
				
				
				
				
				
				
				
				
				
				
				
				
				
				
				
				
				
				
				
				
				
				
				
				
				
				
				
				
				
				
				
				
				
				
				
				
				
				
				
				
				
				
				
				
				
				
				
				
				
				
				
				
				
				
				
				
				
				
				
				
				
				
				
				
				
				
				
				
				
				
				
				
				
				
				
				
				
				
				
				
				
				
				
				
				
				
				
				
				
				
				
				
				
				
				
				
				
				
				
				
				
				
				
				
				
				
				
				
				
				
				
				
				
				
				
				
				
				
				
				
				
				
				
				
				
				
				
				
				
				
				
				
				
				
				
				
				
				
				
				
				
				
				
				
				
				
				
				
				
				
				
				
				
				
				
				
				
				
				
				
				
				
				
				
				
				
				
				
				
				
				
				
				
				
				
				
				
				
				
				
