0	0	27.000	1.000	27.000
0	50	27.000	5.000	5.400
0	100	25.000	4.000	6.250
0	150	29.000	10.000	2.900
0	200	0.000	34.000	0.000
0	250	32.000	10.000	3.200
0	300	41.000	6.000	6.833
0	350	41.000	12.000	3.417
0	400	39.000	9.000	4.333
0	450	55.000	4.000	13.750
0	500	64.000	13.000	4.923
0	550	54.000	6.000	9.000
0	600	59.000	9.000	6.556
0	650	57.000	8.000	7.125
0	700	80.000	4.000	20.000
0	750	69.000	9.000	7.667
0	800	61.000	4.000	15.250
0	850	64.000	6.000	10.667
0	900	56.000	3.000	18.667
0	950	57.000	2.000	28.500
0	1000	52.000	5.000	10.400
0	1050	64.000	4.000	16.000
0	1100	68.000	3.000	22.667
0	1150	48.000	3.000	16.000
0	1200	62.000	7.000	8.857
0	1250	106.000	10.000	10.600
0	1300	107.000	6.000	17.833
0	1350	109.000	8.000	13.625
0	1400	80.000	4.000	20.000
0	1450	46.000	5.000	9.200
0	1500	43.000	6.000	7.167
0	1550	41.000	4.000	10.250
0	1600	32.000	2.000	16.000
0	1650	36.000	1.000	36.000
0	1700	22.000	1.000	22.000
0	1750	29.000	0.000	Inf
0	1800	38.000	0.000	Inf
0	1850	47.000	0.000	Inf
0	1900	47.000	0.000	Inf
0	1950	59.000	0.000	Inf
0	2000	59.000	0.000	Inf
0	2050	55.000	3.000	18.333
0	2100	30.000	7.000	4.286
0	2150	23.000	0.000	Inf
0	2200	27.000	0.000	Inf
0	2250	30.000	0.000	Inf
0	2300	31.000	0.000	Inf
0	2400	22.000	0.000	Inf
0	2500	8.000	0.000	Inf
0	2600	15.000	0.000	Inf
0	2700	22.000	0.000	Inf
0	2800	21.000	0.000	Inf
				
				
				
				
				
				
				
				
				
				
				
				
				
				
				
				
				
				
				
				
				
				
				
				
				
				
				
				
				
				
				
				
				
				
				
				
				
				
				
				
				
				
				
				
				
				
				
				
				
				
				
				
				
				
				
				
				
				
				
				
				
				
				
				
				
				
				
				
				
				
				
				
				
				
				
				
				
				
				
				
				
				
				
				
				
				
				
				
				
				
				
				
				
				
				
				
				
				
				
				
				
				
				
				
				
				
				
				
				
				
				
				
				
				
				
				
				
				
				
				
				
				
				
				
				
				
				
				
				
				
				
				
				
				
				
				
				
				
				
				
				
				
				
				
				
				
				
				
				
				
				
				
				
				
				
				
				
				
				
				
				
				
				
				
				
				
				
				
				
				
				
				
				
				
				
				
				
				
				
				
				
				
				
				
				
				
				
				
				
				
				
				
				
				
				
				
				
				
				
				
				
				
				
				
				
				
				
				
				
				
				
				
				
				
				
				
				
				
				
				
				
				
				
				
				
				
				
				
				
				
				
				
				
				
				
				
				
				
				
				
				
				
				
				
				
				
				
				
				
				
				
				
				
				
				
				
				
				
				
				
				
				
				
				
				
				
				
				
				
				
				
				
				
				
				
				
				
				
				
				
				
				
				
				
				
				
				
				
				
				
				
				
				
				
				
				
				
				
				
				
				
				
				
				
				
				
				
				
				
				
				
				
				
				
				
				
				
				
				
				
				
				
				
				
				
				
				
				
				
				
				
				
				
				
				
				
				
				
				
				
				
				
				
				
				
				
				
				
				
				
				
				
				
				
				
				
				
				
				
				
				
				
				
				
				
				
				
				
				
				
				
				
				
				
				
				
				
				
				
				
				
				
				
				
				
				
				
				
				
				
				
				
				
				
				
				
				
				
				
				
				
				
				
				
				
				
				
				
				
				
				
				
				
				
				
				
				
				
				
				
				
				
				
				
				
				
				
				
				
				
				
				
				
				
				
				
				
				
				
				
				
				
				
				
				
				
				
				
				
				
				
				
				
				
				
				
				
				
				
				
				
				
				
				
				
				
				
				
				
				
				
				
				
				
				
				
				
				
				
				
				
				
				
				
				
				
				
				
				
				
				
				
				
				
				
				
				
				
				
				
				
				
				
				
				
				
				
				
				
				
				
				
				
				
				
				
				
				
				
				
				
				
				
				
				
				
				
				
				
				
				
				
				
				
				
				
				
				
				
				
				
				
				
				
				
				
				
				
				
				
				
				
				
				
				
				
				
				
				
				
				
				
				
				
				
				
				
				
				
				
				
				
				
				
				
				
				
				
				
				
				
				
				
				
				
				
				
				
				
				
				
				
				
				
				
				
				
				
				
				
				
				
				
				
				
				
				
				
				
				
				
				
				
				
				
				
				
				
				
				
				
				
				
				
				
				
				
				
				
				
				
				
				
				
				
				
				
				
				
				
				
				
				
				
				
				
				
				
				
				
				
				
				
				
				
				
				
				
				
				
				
				
				
				
				
				
				
				
				
				
				
				
				
				
				
				
				
				
				
				
				
				
				
				
				
				
				
				
				
				
				
				
				
				
				
				
				
				
				
				
				
				
				
				
				
				
				
				
				
				
				
				
				
				
				
				
				
				
				
				
				
				
				
				
				
				
				
				
				
				
				
				
				
				
				
				
				
				
				
				
				
				
				
				
				
				
				
				
				
				
				
				
				
				
				
				
				
				
				
				
				
				
				
				
				
				
				
				
				
				
				
				
				
				
				
				
				
				
				
				
				
				
				
				
				
				
				
				
				
				
				
				
				
				
				
				
				
				
				
				
				
				
				
				
				
				
				
				
				
				
				
				
				
				
				
				
				
				
				
				
				
				
				
				
				
				
				
				
				
				
				
				
				
				
				
				
				
				
				
				
				
				
				
				
				
				
				
				
				
				
				
				
				
				
				
				
				
				
				
				
				
				
				
				
				
				
				
				
				
				
				
				
				
				
				
				
				
				
				
				
				
				
				
				
				
				
				
				
				
				
				
				
				
				
				
				
				
				
				
				
				
				
				
				
				
				
				
				
				
				
				
				
				
				
				
				
				
				
				
				
				
				
				
				
				
				
				
				
				
				
				
				
				
				
				
				
				
				
				
				
				
				
				
				
				
				
				
				
