0	0	26.000	0.000	Inf
0	50	56.000	169.000	0.331
0	100	44.000	0.000	Inf
0	150	27.000	0.000	Inf
0	200	35.000	0.000	Inf
0	250	23.000	0.000	Inf
0	300	32.000	0.000	Inf
0	350	24.000	0.000	Inf
0	400	20.000	0.000	Inf
0	450	29.000	0.000	Inf
0	500	30.000	0.000	Inf
0	550	12.000	0.000	Inf
0	600	20.000	0.000	Inf
0	650	17.000	0.000	Inf
0	700	32.000	0.000	Inf
0	750	26.000	0.000	Inf
0	800	24.000	0.000	Inf
0	850	22.000	0.000	Inf
0	900	23.000	0.000	Inf
0	950	17.000	0.000	Inf
0	1000	20.000	0.000	Inf
0	1050	15.000	0.000	Inf
0	1100	17.000	0.000	Inf
0	1150	14.000	0.000	Inf
0	1200	12.000	0.000	Inf
0	1250	18.000	0.000	Inf
0	1300	14.000	0.000	Inf
0	1350	20.000	0.000	Inf
0	1400	16.000	0.000	Inf
0	1450	14.000	0.000	Inf
0	1500	12.000	0.000	Inf
0	1550	12.000	0.000	Inf
0	1600	14.000	0.000	Inf
0	1650	7.000	0.000	Inf
0	1700	10.000	0.000	Inf
0	1750	15.000	0.000	Inf
0	1800	24.000	0.000	Inf
0	1850	37.000	0.000	Inf
0	1900	51.000	0.000	Inf
0	1950	67.000	0.000	Inf
0	2000	56.000	0.000	Inf
0	2050	58.000	0.000	Inf
0	2100	56.000	0.000	Inf
0	2150	41.000	0.000	Inf
0	2200	40.000	0.000	Inf
0	2250	38.000	0.000	Inf
0	2300	36.000	0.000	Inf
0	2350	40.000	0.000	Inf
0	2400	35.000	0.000	Inf
0	2450	39.000	0.000	Inf
0	2500	54.000	0.000	Inf
0	2550	102.000	0.000	Inf
0	2600	132.000	0.000	Inf
0	2650	91.000	0.000	Inf
0	2700	57.000	0.000	Inf
0	2750	55.000	0.000	Inf
0	2800	45.000	0.000	Inf
0	2850	33.000	0.000	Inf
0	2900	37.000	0.000	Inf
0	2950	25.000	0.000	Inf
0	3000	22.000	0.000	Inf
0	3050	14.000	0.000	Inf
0	3100	19.000	0.000	Inf
0	3150	15.000	0.000	Inf
0	3200	19.000	0.000	Inf
0	3250	12.000	0.000	Inf
0	3300	7.000	0.000	Inf
0	3350	8.000	1.000	8.000
0	3400	17.000	1.000	17.000
0	3450	11.000	0.000	Inf
0	3500	19.000	0.000	Inf
0	3600	14.000	0.000	Inf
0	3700	9.000	0.000	Inf
0	3800	1723.000	0.000	Inf
				
				
				
				
				
				
				
				
				
				
				
				
				
				
				
				
				
				
				
				
				
				
				
				
				
				
				
				
				
				
				
				
				
				
				
				
				
				
				
				
				
				
				
				
				
				
				
				
				
				
				
				
				
				
				
				
				
				
				
				
				
				
				
				
				
				
				
				
				
				
				
				
				
				
				
				
				
				
				
				
				
				
				
				
				
				
				
				
				
				
				
				
				
				
				
				
				
				
				
				
				
				
				
				
				
				
				
				
				
				
				
				
				
				
				
				
				
				
				
				
				
				
				
				
				
				
				
				
				
				
				
				
				
				
				
				
				
				
				
				
				
				
				
				
				
				
				
				
				
				
				
				
				
				
				
				
				
				
				
				
				
				
				
				
				
				
				
				
				
				
				
				
				
				
				
				
				
				
				
				
				
				
				
				
				
				
				
				
				
				
				
				
				
				
				
				
				
				
				
				
				
				
				
				
				
				
				
				
				
				
				
				
				
				
				
				
				
				
				
				
				
				
				
				
				
				
				
				
				
				
				
				
				
				
				
				
				
				
				
				
				
				
				
				
				
				
				
				
				
				
				
				
				
				
				
				
				
				
				
				
				
				
				
				
				
				
				
				
				
				
				
				
				
				
				
				
				
				
				
				
				
				
				
				
				
				
				
				
				
				
				
				
				
				
				
				
				
				
				
				
				
				
				
				
				
				
				
				
				
				
				
				
				
				
				
				
				
				
				
				
				
				
				
				
				
				
				
				
				
				
				
				
				
				
				
				
				
				
				
				
				
				
				
				
				
				
				
				
				
				
				
				
				
				
				
				
				
				
				
				
				
				
				
				
				
				
				
				
				
				
				
				
				
				
				
				
				
				
				
				
				
				
				
				
				
				
				
				
				
				
				
				
				
				
				
				
				
				
				
				
				
				
				
				
				
				
				
				
				
				
				
				
				
				
				
				
				
				
				
				
				
				
				
				
				
				
				
				
				
				
				
				
				
				
				
				
				
				
				
				
				
				
				
				
				
				
				
				
				
				
				
				
				
				
				
				
				
				
				
				
				
				
				
				
				
				
				
				
				
				
				
				
				
				
				
				
				
				
				
				
				
				
				
				
				
				
				
				
				
				
				
				
				
				
				
				
				
				
				
				
				
				
				
				
				
				
				
				
				
				
				
				
				
				
				
				
				
				
				
				
				
				
				
				
				
				
				
				
				
				
				
				
				
				
				
				
				
				
				
				
				
				
				
				
				
				
				
				
				
				
				
				
				
				
				
				
				
				
				
				
				
				
				
				
				
				
				
				
				
				
				
				
				
				
				
				
				
				
				
				
				
				
				
				
				
				
				
				
				
				
				
				
				
				
				
				
				
				
				
				
				
				
				
				
				
				
				
				
				
				
				
				
				
				
				
				
				
				
				
				
				
				
				
				
				
				
				
				
				
				
				
				
				
				
				
				
				
				
				
				
				
				
				
				
				
				
				
				
				
				
				
				
				
				
				
				
				
				
				
				
				
				
				
				
				
				
				
				
				
				
				
				
				
				
				
				
				
				
				
				
				
				
				
				
				
				
				
				
				
				
				
				
				
				
				
				
				
				
				
				
				
				
				
				
				
				
				
				
				
				
				
				
				
				
				
				
				
				
				
				
				
				
				
				
				
				
				
				
				
				
				
				
				
				
				
				
				
				
				
				
				
				
				
				
				
				
				
				
				
				
				
				
				
				
				
				
				
				
				
				
				
				
				
				
				
				
				
				
				
				
				
				
				
				
				
				
				
				
				
				
				
				
				
				
				
				
				
				
				
				
				
				
				
				
				
				
				
				
				
				
				
				
				
				
				
				
				
				
				
				
				
				
				
				
				
				
				
				
				
				
				
				
				
				
				
				
				
				
				
				
				
				
				
				
				
				
				
				
				
				
				
				
				
				
				
				
				
				
				
				
				
				
				
				
				
				
				
				
				
				
				
				
				
				
				
				
				
				
				
				
				
				
				
				
				
				
				
				
				
				
				
				
				
				
				
				
				
				
				
				
				
				
				
				
				
				
				
				
				
				
				
				
				
				
				
				
				
				
				
				
				
				
				
				
				
				
				
				
				
				
				
				
				
				
				
				
