0	0	4.000	0.000	Inf
0	50	0.000	0.000	NaN
0	100	2.000	0.000	Inf
0	150	2.000	0.000	Inf
0	200	3.000	0.000	Inf
0	250	2.000	0.000	Inf
0	300	0.000	0.000	NaN
0	350	2.000	0.000	Inf
0	400	2.000	0.000	Inf
0	450	1.000	0.000	Inf
0	500	2.000	0.000	Inf
0	550	1.000	0.000	Inf
0	600	7.000	0.000	Inf
0	650	3.000	0.000	Inf
0	700	2.000	0.000	Inf
0	750	2.000	0.000	Inf
0	800	7.000	0.000	Inf
0	850	5.000	0.000	Inf
0	900	1.000	0.000	Inf
0	950	1.000	0.000	Inf
0	1000	5.000	0.000	Inf
0	1050	4.000	0.000	Inf
0	1100	5.000	0.000	Inf
0	1150	6.000	0.000	Inf
0	1200	7.000	0.000	Inf
0	1250	11.000	0.000	Inf
0	1300	16.000	0.000	Inf
0	1350	14.000	0.000	Inf
0	1400	30.000	0.000	Inf
0	1450	43.000	0.000	Inf
0	1500	0.000	63.000	0.000
0	1550	55.000	0.000	Inf
0	1600	54.000	0.000	Inf
0	1650	39.000	0.000	Inf
0	1700	30.000	0.000	Inf
0	1750	22.000	0.000	Inf
0	1800	13.000	0.000	Inf
0	1850	10.000	0.000	Inf
0	1900	16.000	0.000	Inf
0	1950	14.000	0.000	Inf
0	2000	20.000	0.000	Inf
0	2050	31.000	0.000	Inf
0	2100	38.000	0.000	Inf
0	2150	46.000	0.000	Inf
0	2200	53.000	0.000	Inf
0	2250	38.000	0.000	Inf
0	2300	18.000	0.000	Inf
0	2350	20.000	0.000	Inf
0	2400	18.000	0.000	Inf
0	2450	11.000	0.000	Inf
0	2500	5.000	0.000	Inf
0	2550	6.000	0.000	Inf
0	2600	7.000	0.000	Inf
0	2650	6.000	0.000	Inf
0	2700	2.000	0.000	Inf
0	2750	3.000	0.000	Inf
0	2800	2.000	0.000	Inf
0	2850	1.000	0.000	Inf
0	2900	7.000	0.000	Inf
0	2950	4.000	0.000	Inf
0	3000	6.000	0.000	Inf
				
				
				
				
				
				
				
				
				
				
				
				
				
				
				
				
				
				
				
				
				
				
				
				
				
				
				
				
				
				
				
				
				
				
				
				
				
				
				
				
				
				
				
				
				
				
				
				
				
				
				
				
				
				
				
				
				
				
				
				
				
				
				
				
				
				
				
				
				
				
				
				
				
				
				
				
				
				
				
				
				
				
				
				
				
				
				
				
				
				
				
				
				
				
				
				
				
				
				
				
				
				
				
				
				
				
				
				
				
				
				
				
				
				
				
				
				
				
				
				
				
				
				
				
				
				
				
				
				
				
				
				
				
				
				
				
				
				
				
				
				
				
				
				
				
				
				
				
				
				
				
				
				
				
				
				
				
				
				
				
				
				
				
				
				
				
				
				
				
				
				
				
				
				
				
				
				
				
				
				
				
				
				
				
				
				
				
				
				
				
				
				
				
				
				
				
				
				
				
				
				
				
				
				
				
				
				
				
				
				
				
				
				
				
				
				
				
				
				
				
				
				
				
				
				
				
				
				
				
				
				
				
				
				
				
				
				
				
				
				
				
				
				
				
				
				
				
				
				
				
				
				
				
				
				
				
				
				
				
				
				
				
				
				
				
				
				
				
				
				
				
				
				
				
				
				
				
				
				
				
				
				
				
				
				
				
				
				
				
				
				
				
				
				
				
				
				
				
				
				
				
				
				
				
				
				
				
				
				
				
				
				
				
				
				
				
				
				
				
				
				
				
				
				
				
				
				
				
				
				
				
				
				
				
				
				
				
				
				
				
				
				
				
				
				
				
				
				
				
				
				
				
				
				
				
				
				
				
				
				
				
				
				
				
				
				
				
				
				
				
				
				
				
				
				
				
				
				
				
				
				
				
				
				
				
				
				
				
				
				
				
				
				
				
				
				
				
				
				
				
				
				
				
				
				
				
				
				
				
				
				
				
				
				
				
				
				
				
				
				
				
				
				
				
				
				
				
				
				
				
				
				
				
				
				
				
				
				
				
				
				
				
				
				
				
				
				
				
				
				
				
				
				
				
				
				
				
				
				
				
				
				
				
				
				
				
				
				
				
				
				
				
				
				
				
				
				
				
				
				
				
				
				
				
				
				
				
				
				
				
				
				
				
				
				
				
				
				
				
				
				
				
				
				
				
				
				
				
				
				
				
				
				
				
				
				
				
				
				
				
				
				
				
				
				
				
				
				
				
				
				
				
				
				
				
				
				
				
				
				
				
				
				
				
				
				
				
				
				
				
				
				
				
				
				
				
				
				
				
				
				
				
				
				
				
				
				
				
				
				
				
				
				
				
				
				
				
				
				
				
				
				
				
				
				
				
				
				
				
				
				
				
				
				
				
				
				
				
				
				
				
				
				
				
				
				
				
				
				
				
				
				
				
				
				
				
				
				
				
				
				
				
				
				
				
				
				
				
				
				
				
				
				
				
				
				
				
				
				
				
				
				
				
				
				
				
				
				
				
				
				
				
				
				
				
				
				
				
				
				
				
				
				
				
				
				
				
				
				
				
				
				
				
				
				
				
				
				
				
				
				
				
				
				
				
				
				
				
				
				
				
				
				
				
				
				
				
				
				
				
				
				
				
				
				
				
				
				
				
				
				
				
				
				
				
				
				
				
				
				
				
				
				
				
				
				
				
				
				
				
				
				
				
				
				
				
				
				
				
				
				
				
				
				
				
				
				
				
				
				
				
				
				
				
				
				
				
				
				
				
				
				
				
				
				
				
				
				
				
				
				
				
				
				
				
				
				
				
				
				
				
				
				
				
				
				
				
				
				
				
				
				
				
				
				
				
				
				
				
				
				
				
				
				
				
				
				
				
				
				
				
				
				
				
				
				
				
				
				
				
				
				
				
				
				
				
				
				
				
				
				
				
				
				
				
				
				
				
				
				
				
				
				
				
				
				
				
				
				
				
				
				
				
				
				
				
				
				
				
				
				
				
				
				
				
				
				
				
				
				
				
				
				
				
				
				
				
				
				
				
				
				
				
				
				
				
				
				
				
				
				
				
				
				
				
				
				
				
				
				
				
				
				
				
				
				
				
				
				
				
				
				
				
				
				
				
				
				
				
				
				
				
				
				
				
				
				
				
				
				
				
				
				
				
				
				
				
				
				
