
RTmethod[PolRT=-0.22, RevsRT=10, WVASE=3.486, HardVer=17.028, Sat Dec 03 13:02:19 2011]
Original[au+trans.dat]
nm
pT	190.312256	0.000000	0.296949	0.00796949
pT	191.904187	0.000000	0.454166	0.00954166
pT	193.496191	0.000000	0.411176	0.00911176
pT	195.088281	0.000000	0.35351	0.0085351
pT	196.680420	0.000000	0.323944	0.00823944
pT	198.272644	0.000000	0.32749	0.0082749
pT	199.864929	0.000000	0.301966	0.00801966
pT	201.457288	0.000000	0.31168	0.0081168
pT	203.049719	0.000000	0.311909	0.00811909
pT	204.642212	0.000000	0.30252	0.0080252
pT	206.234766	0.000000	0.300432	0.00800432
pT	207.827393	0.000000	0.304679	0.00804679
pT	209.420093	0.000000	0.311567	0.00811567
pT	211.012866	0.000000	0.317226	0.00817226
pT	212.605688	0.000000	0.316972	0.00816972
pT	214.198560	0.000000	0.314555	0.00814555
pT	215.791528	0.000000	0.319953	0.00819953
pT	217.384546	0.000000	0.31334	0.0081334
pT	218.977612	0.000000	0.309816	0.00809816
pT	220.570752	0.000000	0.307676	0.00807676
pT	222.163965	0.000000	0.307765	0.00807765
pT	223.757227	0.000000	0.317884	0.00817884
pT	225.350537	0.000000	0.317635	0.00817635
pT	226.943921	0.000000	0.321062	0.00821062
pT	228.537378	0.000000	0.323236	0.00823236
pT	230.130884	0.000000	0.33067	0.0083067
pT	231.724438	0.000000	0.337535	0.00837535
pT	233.318066	0.000000	0.339363	0.00839363
pT	234.911743	0.000000	0.347218	0.00847218
pT	236.505469	0.000000	0.352261	0.00852261
pT	238.099268	0.000000	0.356534	0.00856534
pT	239.693091	0.000000	0.358756	0.00858756
pT	241.287012	0.000000	0.365453	0.00865453
pT	242.880957	0.000000	0.366254	0.00866254
pT	244.474951	0.000000	0.371247	0.00871247
pT	246.069019	0.000000	0.37434	0.0087434
pT	247.663135	0.000000	0.371963	0.00871963
pT	249.257300	0.000000	0.374429	0.00874429
pT	250.851514	0.000000	0.375709	0.00875709
pT	252.445801	0.000000	0.377208	0.00877208
pT	254.040112	0.000000	0.375714	0.00875715
pT	255.634497	0.000000	0.374952	0.00874952
pT	257.228906	0.000000	0.377905	0.00877905
pT	258.823364	0.000000	0.379266	0.00879266
pT	260.417896	0.000000	0.37937	0.0087937
pT	262.012451	0.000000	0.379214	0.00879214
pT	263.607080	0.000000	0.378878	0.00878878
pT	265.201733	0.000000	0.375304	0.00875304
pT	266.796436	0.000000	0.380019	0.00880019
pT	268.391187	0.000000	0.38423	0.0088423
pT	269.985986	0.000000	0.389821	0.00889821
pT	271.580835	0.000000	0.384674	0.00884673
pT	273.175708	0.000000	0.387796	0.00887796
pT	274.770654	0.000000	0.389007	0.00889007
pT	276.365625	0.000000	0.394148	0.00894148
pT	277.960620	0.000000	0.393905	0.00893905
pT	279.555688	0.000000	0.40117	0.0090117
pT	281.150781	0.000000	0.401683	0.00901683
pT	282.745923	0.000000	0.408834	0.00908834
pT	284.341113	0.000000	0.407382	0.00907382
pT	285.936328	0.000000	0.413339	0.00913339
pT	287.531567	0.000000	0.416831	0.00916831
pT	289.126880	0.000000	0.41991	0.0091991
pT	290.722217	0.000000	0.41738	0.0091738
pT	292.317578	0.000000	0.421754	0.00921754
pT	293.912988	0.000000	0.42308	0.0092308
pT	295.508447	0.000000	0.424622	0.00924622
pT	297.103906	0.000000	0.431291	0.00931291
pT	298.699438	0.000000	0.440755	0.00940755
pT	300.294995	0.000000	0.444232	0.00944232
pT	301.890576	0.000000	0.445801	0.00945801
pT	303.486182	0.000000	0.441414	0.00941414
pT	305.081836	0.000000	0.453653	0.00953653
pT	306.677515	0.000000	0.449287	0.00949287
pT	308.273242	0.000000	0.444078	0.00944078
pT	309.868994	0.000000	0.460567	0.00960567
pT	311.464771	0.000000	0.453998	0.00953998
pT	313.060571	0.000000	0.463758	0.00963758
pT	314.656421	0.000000	0.468694	0.00968694
pT	316.252271	0.000000	0.459725	0.00959725
pT	317.848169	0.000000	0.461495	0.00961495
pT	319.444092	0.000000	0.474388	0.00974388
pT	321.040063	0.000000	0.473843	0.00973843
pT	322.636035	0.000000	0.477958	0.00977958
pT	324.232031	0.000000	0.479697	0.00979697
pT	325.828076	0.000000	0.480815	0.00980815
pT	327.424121	0.000000	0.482074	0.00982074
pT	329.020215	0.000000	0.48549	0.0098549
pT	330.616309	0.000000	0.476418	0.00976417
pT	332.212451	0.000000	0.480225	0.00980225
pT	333.808594	0.000000	0.478894	0.00978894
pT	335.404785	0.000000	0.485709	0.00985709
pT	337.000977	0.000000	0.491584	0.00991584
pT	338.597192	0.000000	0.495268	0.00995268
pT	340.193433	0.000000	0.501119	0.0100112
pT	341.789697	0.000000	0.506937	0.0100694
pT	343.385986	0.000000	0.503369	0.0100337
pT	344.982275	0.000000	0.514363	0.0101436
pT	346.578589	0.000000	0.497907	0.00997907
pT	348.174927	0.000000	0.491654	0.00991654
pT	349.771289	0.000000	0.489817	0.00989817
pT	351.367651	0.000000	0.502172	0.0100217
pT	352.964038	0.000000	0.495533	0.00995533
pT	354.560449	0.000000	0.493162	0.00993162
pT	356.156860	0.000000	0.499988	0.00999987
pT	357.753296	0.000000	0.504204	0.010042
pT	359.349756	0.000000	0.503113	0.0100311
pT	360.946216	0.000000	0.50325	0.0100325
pT	362.542700	0.000000	0.500827	0.0100083
pT	364.139185	0.000000	0.5112	0.010112
pT	365.735693	0.000000	0.499333	0.00999333
pT	367.332202	0.000000	0.506361	0.0100636
pT	368.928711	0.000000	0.494476	0.00994476
pT	370.525244	0.000000	0.509329	0.0100933
pT	372.121802	0.000000	0.503486	0.0100349
pT	373.718359	0.000000	0.505499	0.010055
pT	375.314917	0.000000	0.505626	0.0100563
pT	376.911475	0.000000	0.505675	0.0100567
pT	378.508057	0.000000	0.506087	0.0100609
pT	380.104663	0.000000	0.510454	0.0101045
pT	381.701245	0.000000	0.512863	0.0101286
pT	383.297852	0.000000	0.510708	0.0101071
pT	384.894458	0.000000	0.51115	0.0101115
pT	386.491064	0.000000	0.516643	0.0101664
pT	388.087671	0.000000	0.519788	0.0101979
pT	389.684277	0.000000	0.51143	0.0101143
pT	391.280908	0.000000	0.517636	0.0101764
pT	392.877539	0.000000	0.527451	0.0102745
pT	394.474170	0.000000	0.529601	0.010296
pT	396.070801	0.000000	0.528056	0.0102806
pT	397.667407	0.000000	0.525982	0.0102598
pT	399.264038	0.000000	0.530089	0.0103009
pT	400.860669	0.000000	0.530424	0.0103042
pT	402.457300	0.000000	0.528047	0.0102805
pT	404.053931	0.000000	0.53169	0.0103169
pT	405.650562	0.000000	0.531706	0.0103171
pT	407.247192	0.000000	0.536391	0.0103639
pT	408.843799	0.000000	0.538396	0.010384
pT	410.440430	0.000000	0.538613	0.0103861
pT	412.037061	0.000000	0.531092	0.0103109
pT	413.633643	0.000000	0.53582	0.0103582
pT	415.230273	0.000000	0.538177	0.0103818
pT	416.826855	0.000000	0.535452	0.0103545
pT	418.423438	0.000000	0.537138	0.0103714
pT	420.020068	0.000000	0.53514	0.0103514
pT	421.616602	0.000000	0.535224	0.0103522
pT	423.213184	0.000000	0.535445	0.0103544
pT	424.809766	0.000000	0.543223	0.0104322
pT	426.406299	0.000000	0.542228	0.0104223
pT	428.002881	0.000000	0.542272	0.0104227
pT	429.599414	0.000000	0.540661	0.0104066
pT	431.195947	0.000000	0.542358	0.0104236
pT	432.792432	0.000000	0.540785	0.0104079
pT	434.388965	0.000000	0.538044	0.0103804
pT	435.985449	0.000000	0.532101	0.010321
pT	437.581934	0.000000	0.538574	0.0103857
pT	439.178418	0.000000	0.541629	0.0104163
pT	440.774854	0.000000	0.544469	0.0104447
pT	442.371289	0.000000	0.540208	0.0104021
pT	443.967725	0.000000	0.541288	0.0104129
pT	445.564111	0.000000	0.539408	0.0103941
pT	447.160498	0.000000	0.538865	0.0103887
pT	448.756885	0.000000	0.541829	0.0104183
pT	450.353271	0.000000	0.538295	0.010383
pT	451.949609	0.000000	0.54034	0.0104034
pT	453.545898	0.000000	0.535251	0.0103525
pT	455.142236	0.000000	0.538698	0.010387
pT	456.738525	0.000000	0.536088	0.0103609
pT	458.334766	0.000000	0.535764	0.0103576
pT	459.931006	0.000000	0.537973	0.0103797
pT	461.527246	0.000000	0.533232	0.0103323
pT	463.123438	0.000000	0.53087	0.0103087
pT	464.719629	0.000000	0.528194	0.0102819
pT	466.315771	0.000000	0.527686	0.0102769
pT	467.911914	0.000000	0.526119	0.0102612
pT	469.508057	0.000000	0.526601	0.010266
pT	471.104150	0.000000	0.52363	0.0102363
pT	472.700195	0.000000	0.52042	0.0102042
pT	474.296240	0.000000	0.51922	0.0101922
pT	475.892236	0.000000	0.517609	0.0101761
pT	477.488232	0.000000	0.518014	0.0101801
pT	479.084180	0.000000	0.513198	0.010132
pT	480.680127	0.000000	0.508735	0.0100873
pT	482.276025	0.000000	0.509517	0.0100952
pT	483.871924	0.000000	0.504191	0.0100419
pT	485.467773	0.000000	0.500109	0.0100011
pT	487.063574	0.000000	0.49784	0.0099784
pT	488.659375	0.000000	0.493461	0.00993461
pT	490.255127	0.000000	0.4883	0.009883
pT	491.850830	0.000000	0.484539	0.00984539
pT	493.446533	0.000000	0.48239	0.0098239
pT	495.042187	0.000000	0.477297	0.00977297
pT	496.637842	0.000000	0.473266	0.00973266
pT	498.233447	0.000000	0.468232	0.00968232
pT	499.829004	0.000000	0.463324	0.00963324
pT	501.424512	0.000000	0.458649	0.00958649
pT	503.020020	0.000000	0.456234	0.00956234
pT	504.615479	0.000000	0.450821	0.00950821
pT	506.210889	0.000000	0.447184	0.00947184
pT	507.806250	0.000000	0.442101	0.00942101
pT	509.401611	0.000000	0.437472	0.00937472
pT	510.996924	0.000000	0.43371	0.0093371
pT	512.592188	0.000000	0.432052	0.00932052
pT	514.187402	0.000000	0.429532	0.00929532
pT	515.782617	0.000000	0.428343	0.00928343
pT	517.377734	0.000000	0.424479	0.00924479
pT	518.972852	0.000000	0.422374	0.00922374
pT	520.567920	0.000000	0.422508	0.00922508
pT	522.162939	0.000000	0.422186	0.00922186
pT	523.757959	0.000000	0.422761	0.00922761
pT	525.352881	0.000000	0.42292	0.0092292
pT	526.947803	0.000000	0.425077	0.00925077
pT	528.542627	0.000000	0.426238	0.00926238
pT	530.137451	0.000000	0.430561	0.00930561
pT	531.732227	0.000000	0.429457	0.00929457
pT	533.326953	0.000000	0.434179	0.00934179
pT	534.921631	0.000000	0.43683	0.0093683
pT	536.516260	0.000000	0.44263	0.0094263
pT	538.110840	0.000000	0.447085	0.00947085
pT	539.705371	0.000000	0.451738	0.00951738
pT	541.299854	0.000000	0.455967	0.00955967
pT	542.894287	0.000000	0.462946	0.00962946
pT	544.488672	0.000000	0.469892	0.00969892
pT	546.083008	0.000000	0.47466	0.0097466
pT	547.677295	0.000000	0.482047	0.00982048
pT	549.271533	0.000000	0.48896	0.0098896
pT	550.865674	0.000000	0.49598	0.0099598
pT	552.459814	0.000000	0.504063	0.0100406
pT	554.053906	0.000000	0.513272	0.0101327
pT	555.647900	0.000000	0.518344	0.0101834
pT	557.241895	0.000000	0.528271	0.0102827
pT	558.835791	0.000000	0.535702	0.010357
pT	560.429688	0.000000	0.542677	0.0104268
pT	562.023486	0.000000	0.550737	0.0105074
pT	563.617236	0.000000	0.559806	0.0105981
pT	565.210938	0.000000	0.564527	0.0106453
pT	566.804541	0.000000	0.573255	0.0107326
pT	568.398145	0.000000	0.582211	0.0108221
pT	569.991650	0.000000	0.587687	0.0108769
pT	571.585107	0.000000	0.594366	0.0109437
pT	573.178516	0.000000	0.602592	0.0110259
pT	574.771875	0.000000	0.609908	0.0110991
pT	576.365137	0.000000	0.617029	0.0111703
pT	577.958350	0.000000	0.624486	0.0112449
pT	579.551514	0.000000	0.631257	0.0113126
pT	581.144629	0.000000	0.636082	0.0113608
pT	582.737646	0.000000	0.643854	0.0114385
pT	584.330615	0.000000	0.649368	0.0114937
pT	585.923535	0.000000	0.655176	0.0115518
pT	587.516357	0.000000	0.660553	0.0116055
pT	589.109131	0.000000	0.664613	0.0116461
pT	590.701855	0.000000	0.672352	0.0117235
pT	592.294531	0.000000	0.675739	0.0117574
pT	593.887109	0.000000	0.682346	0.0118235
pT	595.479590	0.000000	0.685084	0.0118508
pT	597.072070	0.000000	0.690914	0.0119091
pT	598.664453	0.000000	0.694586	0.0119459
pT	600.256738	0.000000	0.701112	0.0120111
pT	601.848975	0.000000	0.704639	0.0120464
pT	603.441162	0.000000	0.708528	0.0120853
pT	605.033252	0.000000	0.712957	0.0121296
pT	606.625293	0.000000	0.719593	0.0121959
pT	608.217236	0.000000	0.721296	0.012213
pT	609.809131	0.000000	0.725419	0.0122542
pT	611.400928	0.000000	0.728465	0.0122846
pT	612.992676	0.000000	0.7303	0.012303
pT	614.584326	0.000000	0.733423	0.0123342
pT	616.175928	0.000000	0.739568	0.0123957
pT	617.767480	0.000000	0.742278	0.0124228
pT	619.358887	0.000000	0.747977	0.0124798
pT	620.950293	0.000000	0.749164	0.0124916
pT	622.541553	0.000000	0.750371	0.0125037
pT	624.132764	0.000000	0.754276	0.0125428
pT	625.723926	0.000000	0.756525	0.0125652
pT	627.314990	0.000000	0.760695	0.0126069
pT	628.905957	0.000000	0.761484	0.0126148
pT	630.496826	0.000000	0.763725	0.0126373
pT	632.087646	0.000000	0.767446	0.0126745
pT	633.678418	0.000000	0.768656	0.0126866
pT	635.269092	0.000000	0.772077	0.0127208
pT	636.859668	0.000000	0.77304	0.0127304
pT	638.450146	0.000000	0.776459	0.0127646
pT	640.040576	0.000000	0.777346	0.0127735
pT	641.630908	0.000000	0.779954	0.0127995
pT	643.221143	0.000000	0.781609	0.0128161
pT	644.811328	0.000000	0.784368	0.0128437
pT	646.401367	0.000000	0.786726	0.0128673
pT	647.991357	0.000000	0.789033	0.0128903
pT	649.581299	0.000000	0.789154	0.0128915
pT	651.171094	0.000000	0.788598	0.012886
pT	652.760840	0.000000	0.791592	0.0129159
pT	654.350488	0.000000	0.795594	0.0129559
pT	655.940039	0.000000	0.79539	0.0129539
pT	657.529541	0.000000	0.795898	0.012959
pT	659.118896	0.000000	0.800099	0.013001
pT	660.708203	0.000000	0.799259	0.0129926
pT	662.297412	0.000000	0.800843	0.0130084
pT	663.886523	0.000000	0.80249	0.0130249
pT	665.475537	0.000000	0.801045	0.0130104
pT	667.064453	0.000000	0.80753	0.0130753
pT	668.653320	0.000000	0.803653	0.0130365
pT	670.242041	0.000000	0.809061	0.0130906
pT	671.830713	0.000000	0.807651	0.0130765
pT	673.419238	0.000000	0.808188	0.0130819
pT	675.007715	0.000000	0.811231	0.0131123
pT	676.596094	0.000000	0.810576	0.0131058
pT	678.184375	0.000000	0.811505	0.013115
pT	679.772510	0.000000	0.815184	0.0131518
pT	681.360596	0.000000	0.815009	0.0131501
pT	682.948584	0.000000	0.813888	0.0131389
pT	684.536475	0.000000	0.814778	0.0131478
pT	686.124268	0.000000	0.818423	0.0131842
pT	687.711963	0.000000	0.816456	0.0131646
pT	689.299512	0.000000	0.81763	0.0131763
pT	690.887012	0.000000	0.817427	0.0131743
pT	692.474414	0.000000	0.819882	0.0131988
pT	694.061670	0.000000	0.819391	0.0131939
pT	695.648877	0.000000	0.822343	0.0132234
pT	697.235938	0.000000	0.825508	0.0132551
pT	698.822949	0.000000	0.823659	0.0132366
pT	700.409814	0.000000	0.824048	0.0132405
pT	701.996582	0.000000	0.825585	0.0132559
pT	703.583252	0.000000	0.822616	0.0132262
pT	705.169824	0.000000	0.826404	0.013264
pT	706.756250	0.000000	0.824132	0.0132413
pT	708.342627	0.000000	0.826272	0.0132627
pT	709.928857	0.000000	0.829322	0.0132932
pT	711.514990	0.000000	0.829583	0.0132958
pT	713.101025	0.000000	0.831341	0.0133134
pT	714.686963	0.000000	0.830571	0.0133057
pT	716.272754	0.000000	0.831543	0.0133154
pT	717.858447	0.000000	0.832294	0.0133229
pT	719.444043	0.000000	0.830094	0.0133009
pT	721.029541	0.000000	0.829702	0.013297
pT	722.614893	0.000000	0.831227	0.0133123
pT	724.200195	0.000000	0.833904	0.013339
pT	725.785303	0.000000	0.834792	0.0133479
pT	727.370361	0.000000	0.830873	0.0133087
pT	728.955273	0.000000	0.831465	0.0133146
pT	730.540088	0.000000	0.834263	0.0133426
pT	732.124805	0.000000	0.835217	0.0133522
pT	733.709375	0.000000	0.836316	0.0133632
pT	735.293848	0.000000	0.83336	0.0133336
pT	736.878174	0.000000	0.835857	0.0133586
pT	738.462402	0.000000	0.836985	0.0133698
pT	740.046533	0.000000	0.840384	0.0134038
pT	741.630518	0.000000	0.836825	0.0133683
pT	743.214404	0.000000	0.838701	0.013387
pT	744.798145	0.000000	0.839382	0.0133938
pT	746.381787	0.000000	0.843266	0.0134327
pT	747.965332	0.000000	0.840745	0.0134075
pT	749.548730	0.000000	0.839088	0.0133909
pT	751.131982	0.000000	0.839394	0.0133939
pT	752.715137	0.000000	0.840697	0.013407
pT	754.298193	0.000000	0.841909	0.0134191
pT	755.881104	0.000000	0.840995	0.0134099
pT	757.463867	0.000000	0.838996	0.01339
pT	759.046533	0.000000	0.843863	0.0134386
pT	760.629102	0.000000	0.841544	0.0134154
pT	762.211523	0.000000	0.845467	0.0134547
pT	763.793799	0.000000	0.842356	0.0134236
pT	765.375977	0.000000	0.845039	0.0134504
pT	766.958008	0.000000	0.842531	0.0134253
pT	768.539941	0.000000	0.845581	0.0134558
pT	770.121729	0.000000	0.849687	0.0134969
pT	771.703369	0.000000	0.8449	0.013449
pT	773.284912	0.000000	0.843687	0.0134369
pT	774.866309	0.000000	0.845099	0.013451
pT	776.447559	0.000000	0.843454	0.0134345
pT	778.028711	0.000000	0.846217	0.0134622
pT	779.609717	0.000000	0.846322	0.0134632
pT	781.190576	0.000000	0.848015	0.0134801
pT	782.771338	0.000000	0.845774	0.0134577
pT	784.351953	0.000000	0.84575	0.0134575
pT	785.932422	0.000000	0.847687	0.0134769
pT	787.512793	0.000000	0.847301	0.013473
pT	789.093018	0.000000	0.848365	0.0134837
pT	790.673096	0.000000	0.84975	0.0134975
pT	792.253027	0.000000	0.848799	0.013488
pT	793.832813	0.000000	0.848664	0.0134866
pT	795.412500	0.000000	0.847301	0.013473
pT	796.992041	0.000000	0.846032	0.0134603
pT	798.571436	0.000000	0.850541	0.0135054
pT	800.150684	0.000000	0.849943	0.0134994
pT	801.729785	0.000000	0.850863	0.0135086
pT	803.308789	0.000000	0.849447	0.0134945
pT	804.887646	0.000000	0.851189	0.0135119
pT	806.466309	0.000000	0.852328	0.0135233
pT	808.044873	0.000000	0.852849	0.0135285
pT	809.623291	0.000000	0.849485	0.0134949
pT	811.201611	0.000000	0.851489	0.0135149
pT	812.779736	0.000000	0.846931	0.0134693
pT	814.357715	0.000000	0.854681	0.0135468
pT	815.935547	0.000000	0.85245	0.0135245
pT	817.513281	0.000000	0.851857	0.0135186
pT	819.090820	0.000000	0.849459	0.0134946
pT	820.668262	0.000000	0.851453	0.0135145
pT	822.245508	0.000000	0.848573	0.0134857
pT	823.822656	0.000000	0.850642	0.0135064
pT	825.399609	0.000000	0.848806	0.0134881
pT	826.976465	0.000000	0.845137	0.0134514
pT	828.553125	0.000000	0.852064	0.0135206
pT	830.129688	0.000000	0.851831	0.0135183
pT	831.706055	0.000000	0.85123	0.0135123
pT	833.282324	0.000000	0.850438	0.0135044
pT	834.858398	0.000000	0.848604	0.013486
pT	836.434277	0.000000	0.850172	0.0135017
pT	838.010059	0.000000	0.855682	0.0135568
pT	839.585742	0.000000	0.854458	0.0135446
pT	841.161230	0.000000	0.856271	0.0135627
pT	842.736523	0.000000	0.853688	0.0135369
pT	844.311719	0.000000	0.857103	0.013571
pT	845.886719	0.000000	0.855506	0.0135551
pT	847.461621	0.000000	0.857783	0.0135778
pT	849.036328	0.000000	0.854898	0.013549
pT	850.610840	0.000000	0.856856	0.0135686
pT	852.185254	0.000000	0.853954	0.0135395
pT	853.759473	0.000000	0.853858	0.0135386
pT	855.333594	0.000000	0.853119	0.0135312
pT	856.907520	0.000000	0.85626	0.0135626
pT	858.481250	0.000000	0.857887	0.0135789
pT	860.054883	0.000000	0.852431	0.0135243
pT	861.628320	0.000000	0.850207	0.0135021
pT	863.201563	0.000000	0.856085	0.0135608
pT	864.774707	0.000000	0.854811	0.0135481
pT	866.347656	0.000000	0.854805	0.013548
pT	867.920508	0.000000	0.860551	0.0136055
pT	869.493164	0.000000	0.861333	0.0136133
pT	871.065625	0.000000	0.853622	0.0135362
pT	872.637988	0.000000	0.854156	0.0135416
pT	874.210156	0.000000	0.856686	0.0135669
pT	875.782129	0.000000	0.856495	0.0135649
pT	877.353906	0.000000	0.85987	0.0135987
pT	878.925586	0.000000	0.857679	0.0135768
pT	880.497070	0.000000	0.85859	0.0135859
pT	882.068359	0.000000	0.854512	0.0135451
pT	883.639551	0.000000	0.855806	0.0135581
pT	885.210547	0.000000	0.856007	0.0135601
pT	886.781348	0.000000	0.863492	0.0136349
pT	888.352051	0.000000	0.858279	0.0135828
pT	889.922559	0.000000	0.852588	0.0135259
pT	891.492871	0.000000	0.854404	0.013544
pT	893.062988	0.000000	0.858915	0.0135892
pT	894.633008	0.000000	0.860837	0.0136084
pT	896.202734	0.000000	0.862781	0.0136278
pT	897.772363	0.000000	0.859309	0.0135931
pT	899.341895	0.000000	0.859865	0.0135987
pT	900.911133	0.000000	0.863117	0.0136312
pT	902.480273	0.000000	0.858003	0.01358
pT	904.049219	0.000000	0.860815	0.0136082
pT	905.617969	0.000000	0.86154	0.0136154
pT	907.186523	0.000000	0.859813	0.0135981
pT	908.754980	0.000000	0.853798	0.013538
pT	910.323242	0.000000	0.856425	0.0135642
pT	911.891211	0.000000	0.857516	0.0135752
pT	913.459180	0.000000	0.864206	0.0136421
pT	915.026855	0.000000	0.860025	0.0136003
pT	916.594336	0.000000	0.861268	0.0136127
pT	918.161719	0.000000	0.860191	0.0136019
pT	919.728906	0.000000	0.860197	0.013602
pT	921.295898	0.000000	0.857719	0.0135772
pT	922.862695	0.000000	0.861019	0.0136102
pT	924.429297	0.000000	0.860014	0.0136001
pT	925.995703	0.000000	0.861411	0.0136141
pT	927.562012	0.000000	0.863669	0.0136367
pT	929.128027	0.000000	0.857841	0.0135784
pT	930.693945	0.000000	0.86073	0.0136073
pT	932.259668	0.000000	0.86433	0.0136433
pT	933.825195	0.000000	0.86178	0.0136178
pT	935.390527	0.000000	0.856779	0.0135678
pT	936.955664	0.000000	0.867138	0.0136714
pT	938.520605	0.000000	0.870803	0.013708
pT	940.085449	0.000000	0.867364	0.0136736
pT	941.650000	0.000000	0.866241	0.0136624
pT	943.214453	0.000000	0.856705	0.013567
pT	944.778613	0.000000	0.862209	0.0136221
pT	946.342676	0.000000	0.852293	0.0135229
pT	947.906543	0.000000	0.861386	0.0136139
pT	949.470117	0.000000	0.866572	0.0136657
pT	951.033594	0.000000	0.874481	0.0137448
pT	952.596875	0.000000	0.860722	0.0136072
pT	954.159961	0.000000	0.871396	0.013714
pT	955.722852	0.000000	0.862879	0.0136288
pT	957.285547	0.000000	0.866432	0.0136643
pT	958.847949	0.000000	0.861244	0.0136124
pT	960.410254	0.000000	0.866474	0.0136647
pT	961.972363	0.000000	0.871149	0.0137115
pT	963.534277	0.000000	0.861362	0.0136136
pT	965.095996	0.000000	0.866785	0.0136678
pT	966.657520	0.000000	0.863477	0.0136348
pT	968.218848	0.000000	0.8677	0.013677
pT	969.779980	0.000000	0.864786	0.0136479
pT	971.340918	0.000000	0.863319	0.0136332
pT	972.901660	0.000000	0.86939	0.0136939
pT	974.462207	0.000000	0.869967	0.0136997
pT	976.022461	0.000000	0.864914	0.0136491
pT	977.582617	0.000000	0.873752	0.0137375
pT	979.142578	0.000000	0.864807	0.0136481
pT	980.702246	0.000000	0.857629	0.0135763
pT	982.261816	0.000000	0.874175	0.0137417
pT	983.821094	0.000000	0.864956	0.0136496
pT	985.380273	0.000000	0.867636	0.0136764
pT	986.939160	0.000000	0.857854	0.0135785
pT	988.497852	0.000000	0.859845	0.0135984
pT	990.056348	0.000000	0.869043	0.0136904
pT	991.614648	0.000000	0.868899	0.013689
pT	993.172754	0.000000	0.869099	0.013691
pT	994.730664	0.000000	0.862634	0.0136263
pT	996.288379	0.000000	0.869449	0.0136945
pT	997.845801	0.000000	0.877153	0.0137715
pT	999.403125	0.000000	0.866433	0.0136643