
RTmethod[PolRT=-0.22, RevsRT=10, WVASE=3.486, HardVer=17.028, Sat Dec 03 13:03:15 2011]
Original[au+trans2.dat]
nm
pT	190.312256	0.000000	0.32977	0.0082977
pT	191.904187	0.000000	0.456445	0.00956445
pT	193.496191	0.000000	0.449087	0.00949087
pT	195.088281	0.000000	0.371516	0.00871516
pT	196.680420	0.000000	0.328576	0.00828576
pT	198.272644	0.000000	0.32318	0.0082318
pT	199.864929	0.000000	0.331819	0.00831819
pT	201.457288	0.000000	0.340292	0.00840292
pT	203.049719	0.000000	0.351533	0.00851533
pT	204.642212	0.000000	0.327788	0.00827788
pT	206.234766	0.000000	0.320156	0.00820156
pT	207.827393	0.000000	0.33492	0.0083492
pT	209.420093	0.000000	0.332057	0.00832057
pT	211.012866	0.000000	0.324897	0.00824897
pT	212.605688	0.000000	0.339496	0.00839496
pT	214.198560	0.000000	0.328373	0.00828374
pT	215.791528	0.000000	0.32638	0.0082638
pT	217.384546	0.000000	0.328711	0.00828711
pT	218.977612	0.000000	0.337385	0.00837385
pT	220.570752	0.000000	0.332202	0.00832202
pT	222.163965	0.000000	0.333577	0.00833577
pT	223.757227	0.000000	0.339964	0.00839964
pT	225.350537	0.000000	0.34011	0.0084011
pT	226.943921	0.000000	0.338647	0.00838647
pT	228.537378	0.000000	0.341829	0.00841829
pT	230.130884	0.000000	0.350006	0.00850006
pT	231.724438	0.000000	0.357722	0.00857722
pT	233.318066	0.000000	0.360818	0.00860818
pT	234.911743	0.000000	0.366134	0.00866134
pT	236.505469	0.000000	0.371089	0.00871089
pT	238.099268	0.000000	0.373954	0.00873954
pT	239.693091	0.000000	0.373779	0.00873779
pT	241.287012	0.000000	0.382181	0.00882181
pT	242.880957	0.000000	0.383178	0.00883178
pT	244.474951	0.000000	0.387765	0.00887765
pT	246.069019	0.000000	0.391958	0.00891958
pT	247.663135	0.000000	0.393847	0.00893847
pT	249.257300	0.000000	0.394756	0.00894756
pT	250.851514	0.000000	0.391818	0.00891818
pT	252.445801	0.000000	0.391429	0.00891429
pT	254.040112	0.000000	0.390021	0.00890021
pT	255.634497	0.000000	0.394517	0.00894517
pT	257.228906	0.000000	0.392639	0.00892639
pT	258.823364	0.000000	0.391387	0.00891387
pT	260.417896	0.000000	0.397973	0.00897973
pT	262.012451	0.000000	0.401271	0.00901271
pT	263.607080	0.000000	0.397003	0.00897003
pT	265.201733	0.000000	0.398928	0.00898928
pT	266.796436	0.000000	0.397277	0.00897277
pT	268.391187	0.000000	0.408093	0.00908093
pT	269.985986	0.000000	0.409044	0.00909045
pT	271.580835	0.000000	0.403761	0.00903761
pT	273.175708	0.000000	0.405519	0.00905519
pT	274.770654	0.000000	0.401928	0.00901928
pT	276.365625	0.000000	0.410477	0.00910477
pT	277.960620	0.000000	0.417679	0.00917679
pT	279.555688	0.000000	0.419464	0.00919464
pT	281.150781	0.000000	0.418695	0.00918695
pT	282.745923	0.000000	0.417956	0.00917955
pT	284.341113	0.000000	0.433383	0.00933383
pT	285.936328	0.000000	0.425952	0.00925952
pT	287.531567	0.000000	0.431804	0.00931804
pT	289.126880	0.000000	0.442051	0.00942051
pT	290.722217	0.000000	0.441706	0.00941706
pT	292.317578	0.000000	0.442964	0.00942964
pT	293.912988	0.000000	0.444785	0.00944785
pT	295.508447	0.000000	0.443412	0.00943412
pT	297.103906	0.000000	0.456321	0.00956321
pT	298.699438	0.000000	0.447535	0.00947535
pT	300.294995	0.000000	0.45219	0.0095219
pT	301.890576	0.000000	0.455627	0.00955627
pT	303.486182	0.000000	0.455713	0.00955713
pT	305.081836	0.000000	0.468232	0.00968232
pT	306.677515	0.000000	0.468487	0.00968487
pT	308.273242	0.000000	0.462156	0.00962156
pT	309.868994	0.000000	0.476259	0.00976259
pT	311.464771	0.000000	0.477715	0.00977715
pT	313.060571	0.000000	0.479104	0.00979104
pT	314.656421	0.000000	0.48452	0.0098452
pT	316.252271	0.000000	0.476369	0.00976369
pT	317.848169	0.000000	0.490621	0.00990621
pT	319.444092	0.000000	0.48943	0.0098943
pT	321.040063	0.000000	0.48637	0.0098637
pT	322.636035	0.000000	0.491022	0.00991022
pT	324.232031	0.000000	0.490533	0.00990533
pT	325.828076	0.000000	0.500849	0.0100085
pT	327.424121	0.000000	0.497142	0.00997142
pT	329.020215	0.000000	0.50061	0.0100061
pT	330.616309	0.000000	0.503128	0.0100313
pT	332.212451	0.000000	0.499403	0.00999403
pT	333.808594	0.000000	0.501377	0.0100138
pT	335.404785	0.000000	0.505217	0.0100522
pT	337.000977	0.000000	0.513906	0.0101391
pT	338.597192	0.000000	0.505655	0.0100566
pT	340.193433	0.000000	0.510451	0.0101045
pT	341.789697	0.000000	0.509333	0.0100933
pT	343.385986	0.000000	0.512528	0.0101253
pT	344.982275	0.000000	0.519947	0.0101995
pT	346.578589	0.000000	0.514036	0.0101404
pT	348.174927	0.000000	0.517513	0.0101751
pT	349.771289	0.000000	0.522426	0.0102243
pT	351.367651	0.000000	0.514078	0.0101408
pT	352.964038	0.000000	0.513414	0.0101341
pT	354.560449	0.000000	0.515653	0.0101565
pT	356.156860	0.000000	0.523534	0.0102353
pT	357.753296	0.000000	0.527227	0.0102723
pT	359.349756	0.000000	0.523432	0.0102343
pT	360.946216	0.000000	0.514681	0.0101468
pT	362.542700	0.000000	0.523082	0.0102308
pT	364.139185	0.000000	0.524116	0.0102412
pT	365.735693	0.000000	0.527415	0.0102741
pT	367.332202	0.000000	0.522541	0.0102254
pT	368.928711	0.000000	0.518651	0.0101865
pT	370.525244	0.000000	0.520751	0.0102075
pT	372.121802	0.000000	0.512088	0.0101209
pT	373.718359	0.000000	0.531241	0.0103124
pT	375.314917	0.000000	0.528952	0.0102895
pT	376.911475	0.000000	0.528848	0.0102885
pT	378.508057	0.000000	0.526641	0.0102664
pT	380.104663	0.000000	0.525138	0.0102514
pT	381.701245	0.000000	0.530808	0.0103081
pT	383.297852	0.000000	0.529745	0.0102975
pT	384.894458	0.000000	0.529377	0.0102938
pT	386.491064	0.000000	0.533527	0.0103353
pT	388.087671	0.000000	0.53656	0.0103656
pT	389.684277	0.000000	0.53581	0.0103581
pT	391.280908	0.000000	0.53957	0.0103957
pT	392.877539	0.000000	0.5436	0.010436
pT	394.474170	0.000000	0.54688	0.0104688
pT	396.070801	0.000000	0.544941	0.0104494
pT	397.667407	0.000000	0.546661	0.0104666
pT	399.264038	0.000000	0.54704	0.0104704
pT	400.860669	0.000000	0.551082	0.0105108
pT	402.457300	0.000000	0.550864	0.0105086
pT	404.053931	0.000000	0.547011	0.0104701
pT	405.650562	0.000000	0.556328	0.0105633
pT	407.247192	0.000000	0.555076	0.0105508
pT	408.843799	0.000000	0.551989	0.0105199
pT	410.440430	0.000000	0.556538	0.0105654
pT	412.037061	0.000000	0.555908	0.0105591
pT	413.633643	0.000000	0.554709	0.0105471
pT	415.230273	0.000000	0.554567	0.0105457
pT	416.826855	0.000000	0.555717	0.0105572
pT	418.423438	0.000000	0.559203	0.010592
pT	420.020068	0.000000	0.556992	0.0105699
pT	421.616602	0.000000	0.557451	0.0105745
pT	423.213184	0.000000	0.557245	0.0105724
pT	424.809766	0.000000	0.55964	0.0105964
pT	426.406299	0.000000	0.558196	0.010582
pT	428.002881	0.000000	0.558283	0.0105828
pT	429.599414	0.000000	0.559865	0.0105987
pT	431.195947	0.000000	0.562144	0.0106214
pT	432.792432	0.000000	0.561414	0.0106141
pT	434.388965	0.000000	0.559753	0.0105975
pT	435.985449	0.000000	0.553342	0.0105334
pT	437.581934	0.000000	0.563808	0.0106381
pT	439.178418	0.000000	0.560366	0.0106037
pT	440.774854	0.000000	0.561492	0.0106149
pT	442.371289	0.000000	0.558646	0.0105865
pT	443.967725	0.000000	0.560042	0.0106004
pT	445.564111	0.000000	0.558893	0.0105889
pT	447.160498	0.000000	0.560183	0.0106018
pT	448.756885	0.000000	0.559108	0.0105911
pT	450.353271	0.000000	0.55684	0.0105684
pT	451.949609	0.000000	0.558624	0.0105862
pT	453.545898	0.000000	0.555277	0.0105528
pT	455.142236	0.000000	0.55824	0.0105824
pT	456.738525	0.000000	0.55676	0.0105676
pT	458.334766	0.000000	0.557499	0.010575
pT	459.931006	0.000000	0.554206	0.0105421
pT	461.527246	0.000000	0.553041	0.0105304
pT	463.123438	0.000000	0.549998	0.0105
pT	464.719629	0.000000	0.549552	0.0104955
pT	466.315771	0.000000	0.547268	0.0104727
pT	467.911914	0.000000	0.54833	0.0104833
pT	469.508057	0.000000	0.547098	0.010471
pT	471.104150	0.000000	0.54619	0.0104619
pT	472.700195	0.000000	0.544051	0.0104405
pT	474.296240	0.000000	0.538724	0.0103872
pT	475.892236	0.000000	0.539966	0.0103997
pT	477.488232	0.000000	0.536447	0.0103645
pT	479.084180	0.000000	0.531391	0.0103139
pT	480.680127	0.000000	0.52959	0.0102959
pT	482.276025	0.000000	0.527272	0.0102727
pT	483.871924	0.000000	0.525155	0.0102516
pT	485.467773	0.000000	0.521496	0.010215
pT	487.063574	0.000000	0.516941	0.0101694
pT	488.659375	0.000000	0.514882	0.0101488
pT	490.255127	0.000000	0.509504	0.010095
pT	491.850830	0.000000	0.504667	0.0100467
pT	493.446533	0.000000	0.501773	0.0100177
pT	495.042187	0.000000	0.496916	0.00996916
pT	496.637842	0.000000	0.491417	0.00991417
pT	498.233447	0.000000	0.487166	0.00987166
pT	499.829004	0.000000	0.482035	0.00982035
pT	501.424512	0.000000	0.478613	0.00978613
pT	503.020020	0.000000	0.473853	0.00973853
pT	504.615479	0.000000	0.46951	0.0096951
pT	506.210889	0.000000	0.466633	0.00966633
pT	507.806250	0.000000	0.461104	0.00961104
pT	509.401611	0.000000	0.457363	0.00957363
pT	510.996924	0.000000	0.455484	0.00955484
pT	512.592188	0.000000	0.450328	0.00950328
pT	514.187402	0.000000	0.448802	0.00948802
pT	515.782617	0.000000	0.445254	0.00945254
pT	517.377734	0.000000	0.445179	0.00945179
pT	518.972852	0.000000	0.442643	0.00942643
pT	520.567920	0.000000	0.44231	0.0094231
pT	522.162939	0.000000	0.44028	0.0094028
pT	523.757959	0.000000	0.441472	0.00941472
pT	525.352881	0.000000	0.441957	0.00941957
pT	526.947803	0.000000	0.444882	0.00944883
pT	528.542627	0.000000	0.446089	0.00946089
pT	530.137451	0.000000	0.447345	0.00947345
pT	531.732227	0.000000	0.450978	0.00950978
pT	533.326953	0.000000	0.455036	0.00955036
pT	534.921631	0.000000	0.457565	0.00957565
pT	536.516260	0.000000	0.462001	0.00962001
pT	538.110840	0.000000	0.466688	0.00966688
pT	539.705371	0.000000	0.470154	0.00970154
pT	541.299854	0.000000	0.476415	0.00976415
pT	542.894287	0.000000	0.481724	0.00981724
pT	544.488672	0.000000	0.489945	0.00989945
pT	546.083008	0.000000	0.494913	0.00994913
pT	547.677295	0.000000	0.500569	0.0100057
pT	549.271533	0.000000	0.511761	0.0101176
pT	550.865674	0.000000	0.51824	0.0101824
pT	552.459814	0.000000	0.526439	0.0102644
pT	554.053906	0.000000	0.533469	0.0103347
pT	555.647900	0.000000	0.540402	0.010404
pT	557.241895	0.000000	0.548285	0.0104829
pT	558.835791	0.000000	0.556283	0.0105628
pT	560.429688	0.000000	0.565191	0.0106519
pT	562.023486	0.000000	0.573058	0.0107306
pT	563.617236	0.000000	0.57889	0.0107889
pT	565.210938	0.000000	0.58629	0.0108629
pT	566.804541	0.000000	0.596328	0.0109633
pT	568.398145	0.000000	0.602515	0.0110251
pT	569.991650	0.000000	0.61005	0.0111005
pT	571.585107	0.000000	0.617043	0.0111704
pT	573.178516	0.000000	0.624223	0.0112422
pT	574.771875	0.000000	0.63086	0.0113086
pT	576.365137	0.000000	0.63755	0.0113755
pT	577.958350	0.000000	0.646415	0.0114642
pT	579.551514	0.000000	0.651914	0.0115191
pT	581.144629	0.000000	0.656849	0.0115685
pT	582.737646	0.000000	0.665988	0.0116599
pT	584.330615	0.000000	0.668448	0.0116845
pT	585.923535	0.000000	0.676858	0.0117686
pT	587.516357	0.000000	0.681594	0.0118159
pT	589.109131	0.000000	0.68723	0.0118723
pT	590.701855	0.000000	0.689881	0.0118988
pT	592.294531	0.000000	0.697797	0.011978
pT	593.887109	0.000000	0.702568	0.0120257
pT	595.479590	0.000000	0.708338	0.0120834
pT	597.072070	0.000000	0.713431	0.0121343
pT	598.664453	0.000000	0.718511	0.0121851
pT	600.256738	0.000000	0.720621	0.0122062
pT	601.848975	0.000000	0.725699	0.012257
pT	603.441162	0.000000	0.729711	0.0122971
pT	605.033252	0.000000	0.732271	0.0123227
pT	606.625293	0.000000	0.737905	0.012379
pT	608.217236	0.000000	0.744604	0.012446
pT	609.809131	0.000000	0.745237	0.0124524
pT	611.400928	0.000000	0.747375	0.0124737
pT	612.992676	0.000000	0.751685	0.0125169
pT	614.584326	0.000000	0.756407	0.0125641
pT	616.175928	0.000000	0.759028	0.0125903
pT	617.767480	0.000000	0.760521	0.0126052
pT	619.358887	0.000000	0.765165	0.0126517
pT	620.950293	0.000000	0.769085	0.0126909
pT	622.541553	0.000000	0.770629	0.0127063
pT	624.132764	0.000000	0.772349	0.0127235
pT	625.723926	0.000000	0.777809	0.0127781
pT	627.314990	0.000000	0.779353	0.0127935
pT	628.905957	0.000000	0.782073	0.0128207
pT	630.496826	0.000000	0.784167	0.0128417
pT	632.087646	0.000000	0.787676	0.0128768
pT	633.678418	0.000000	0.78591	0.0128591
pT	635.269092	0.000000	0.792257	0.0129226
pT	636.859668	0.000000	0.793959	0.0129396
pT	638.450146	0.000000	0.794944	0.0129494
pT	640.040576	0.000000	0.799054	0.0129905
pT	641.630908	0.000000	0.800643	0.0130064
pT	643.221143	0.000000	0.801195	0.013012
pT	644.811328	0.000000	0.800762	0.0130076
pT	646.401367	0.000000	0.803782	0.0130378
pT	647.991357	0.000000	0.806623	0.0130662
pT	649.581299	0.000000	0.808917	0.0130892
pT	651.171094	0.000000	0.810758	0.0131076
pT	652.760840	0.000000	0.812322	0.0131232
pT	654.350488	0.000000	0.813734	0.0131373
pT	655.940039	0.000000	0.815803	0.013158
pT	657.529541	0.000000	0.817536	0.0131754
pT	659.118896	0.000000	0.815349	0.0131535
pT	660.708203	0.000000	0.819752	0.0131975
pT	662.297412	0.000000	0.822663	0.0132266
pT	663.886523	0.000000	0.821986	0.0132199
pT	665.475537	0.000000	0.822793	0.0132279
pT	667.064453	0.000000	0.823568	0.0132357
pT	668.653320	0.000000	0.825297	0.013253
pT	670.242041	0.000000	0.825958	0.0132596
pT	671.830713	0.000000	0.825981	0.0132598
pT	673.419238	0.000000	0.828064	0.0132806
pT	675.007715	0.000000	0.82791	0.0132791
pT	676.596094	0.000000	0.828478	0.0132848
pT	678.184375	0.000000	0.833645	0.0133365
pT	679.772510	0.000000	0.830323	0.0133032
pT	681.360596	0.000000	0.833947	0.0133395
pT	682.948584	0.000000	0.833618	0.0133362
pT	684.536475	0.000000	0.836498	0.013365
pT	686.124268	0.000000	0.836288	0.0133629
pT	687.711963	0.000000	0.837927	0.0133793
pT	689.299512	0.000000	0.835497	0.013355
pT	690.887012	0.000000	0.83747	0.0133747
pT	692.474414	0.000000	0.840195	0.0134019
pT	694.061670	0.000000	0.838099	0.013381
pT	695.648877	0.000000	0.840792	0.0134079
pT	697.235938	0.000000	0.840635	0.0134063
pT	698.822949	0.000000	0.840814	0.0134081
pT	700.409814	0.000000	0.844054	0.0134405
pT	701.996582	0.000000	0.844288	0.0134429
pT	703.583252	0.000000	0.842468	0.0134247
pT	705.169824	0.000000	0.84477	0.0134477
pT	706.756250	0.000000	0.845733	0.0134573
pT	708.342627	0.000000	0.842876	0.0134288
pT	709.928857	0.000000	0.845446	0.0134545
pT	711.514990	0.000000	0.849027	0.0134903
pT	713.101025	0.000000	0.844473	0.0134447
pT	714.686963	0.000000	0.848827	0.0134883
pT	716.272754	0.000000	0.849064	0.0134906
pT	717.858447	0.000000	0.848015	0.0134801
pT	719.444043	0.000000	0.851344	0.0135134
pT	721.029541	0.000000	0.848869	0.0134887
pT	722.614893	0.000000	0.849803	0.013498
pT	724.200195	0.000000	0.850699	0.013507
pT	725.785303	0.000000	0.853331	0.0135333
pT	727.370361	0.000000	0.851293	0.0135129
pT	728.955273	0.000000	0.854671	0.0135467
pT	730.540088	0.000000	0.853579	0.0135358
pT	732.124805	0.000000	0.851591	0.0135159
pT	733.709375	0.000000	0.853022	0.0135302
pT	735.293848	0.000000	0.851633	0.0135163
pT	736.878174	0.000000	0.854005	0.0135401
pT	738.462402	0.000000	0.856623	0.0135662
pT	740.046533	0.000000	0.8536	0.013536
pT	741.630518	0.000000	0.856525	0.0135652
pT	743.214404	0.000000	0.854958	0.0135496
pT	744.798145	0.000000	0.856765	0.0135677
pT	746.381787	0.000000	0.853492	0.0135349
pT	747.965332	0.000000	0.858273	0.0135827
pT	749.548730	0.000000	0.857395	0.0135739
pT	751.131982	0.000000	0.858072	0.0135807
pT	752.715137	0.000000	0.854403	0.013544
pT	754.298193	0.000000	0.857613	0.0135761
pT	755.881104	0.000000	0.859888	0.0135989
pT	757.463867	0.000000	0.859275	0.0135927
pT	759.046533	0.000000	0.861938	0.0136194
pT	760.629102	0.000000	0.86129	0.0136129
pT	762.211523	0.000000	0.861844	0.0136184
pT	763.793799	0.000000	0.860514	0.0136051
pT	765.375977	0.000000	0.859271	0.0135927
pT	766.958008	0.000000	0.862003	0.01362
pT	768.539941	0.000000	0.858194	0.0135819
pT	770.121729	0.000000	0.860127	0.0136013
pT	771.703369	0.000000	0.859185	0.0135918
pT	773.284912	0.000000	0.859437	0.0135944
pT	774.866309	0.000000	0.861999	0.01362
pT	776.447559	0.000000	0.864952	0.0136495
pT	778.028711	0.000000	0.861631	0.0136163
pT	779.609717	0.000000	0.863651	0.0136365
pT	781.190576	0.000000	0.864227	0.0136423
pT	782.771338	0.000000	0.86021	0.0136021
pT	784.351953	0.000000	0.862375	0.0136237
pT	785.932422	0.000000	0.867875	0.0136788
pT	787.512793	0.000000	0.865583	0.0136558
pT	789.093018	0.000000	0.865032	0.0136503
pT	790.673096	0.000000	0.862449	0.0136245
pT	792.253027	0.000000	0.862594	0.0136259
pT	793.832813	0.000000	0.864372	0.0136437
pT	795.412500	0.000000	0.867895	0.0136789
pT	796.992041	0.000000	0.866205	0.0136621
pT	798.571436	0.000000	0.867304	0.013673
pT	800.150684	0.000000	0.866564	0.0136656
pT	801.729785	0.000000	0.871015	0.0137102
pT	803.308789	0.000000	0.867214	0.0136721
pT	804.887646	0.000000	0.869365	0.0136936
pT	806.466309	0.000000	0.870909	0.0137091
pT	808.044873	0.000000	0.866887	0.0136689
pT	809.623291	0.000000	0.869328	0.0136933
pT	811.201611	0.000000	0.864366	0.0136437
pT	812.779736	0.000000	0.868399	0.013684
pT	814.357715	0.000000	0.8691	0.013691
pT	815.935547	0.000000	0.868874	0.0136887
pT	817.513281	0.000000	0.867745	0.0136775
pT	819.090820	0.000000	0.872766	0.0137277
pT	820.668262	0.000000	0.863554	0.0136355
pT	822.245508	0.000000	0.872268	0.0137227
pT	823.822656	0.000000	0.867469	0.0136747
pT	825.399609	0.000000	0.865304	0.013653
pT	826.976465	0.000000	0.872186	0.0137219
pT	828.553125	0.000000	0.869424	0.0136942
pT	830.129688	0.000000	0.870172	0.0137017
pT	831.706055	0.000000	0.872	0.01372
pT	833.282324	0.000000	0.870213	0.0137021
pT	834.858398	0.000000	0.868216	0.0136822
pT	836.434277	0.000000	0.870334	0.0137033
pT	838.010059	0.000000	0.867157	0.0136716
pT	839.585742	0.000000	0.87208	0.0137208
pT	841.161230	0.000000	0.873598	0.013736
pT	842.736523	0.000000	0.868284	0.0136828
pT	844.311719	0.000000	0.86476	0.0136476
pT	845.886719	0.000000	0.872341	0.0137234
pT	847.461621	0.000000	0.871854	0.0137185
pT	849.036328	0.000000	0.874727	0.0137473
pT	850.610840	0.000000	0.870447	0.0137045
pT	852.185254	0.000000	0.874791	0.0137479
pT	853.759473	0.000000	0.87028	0.0137028
pT	855.333594	0.000000	0.874009	0.0137401
pT	856.907520	0.000000	0.873406	0.0137341
pT	858.481250	0.000000	0.86986	0.0136986
pT	860.054883	0.000000	0.870974	0.0137097
pT	861.628320	0.000000	0.870855	0.0137086
pT	863.201563	0.000000	0.875179	0.0137518
pT	864.774707	0.000000	0.878205	0.0137821
pT	866.347656	0.000000	0.873256	0.0137326
pT	867.920508	0.000000	0.873416	0.0137342
pT	869.493164	0.000000	0.872723	0.0137272
pT	871.065625	0.000000	0.874322	0.0137432
pT	872.637988	0.000000	0.877122	0.0137712
pT	874.210156	0.000000	0.878146	0.0137815
pT	875.782129	0.000000	0.874541	0.0137454
pT	877.353906	0.000000	0.872369	0.0137237
pT	878.925586	0.000000	0.870303	0.013703
pT	880.497070	0.000000	0.872074	0.0137207
pT	882.068359	0.000000	0.875394	0.0137539
pT	883.639551	0.000000	0.872888	0.0137289
pT	885.210547	0.000000	0.87095	0.0137095
pT	886.781348	0.000000	0.872697	0.013727
pT	888.352051	0.000000	0.873814	0.0137381
pT	889.922559	0.000000	0.877557	0.0137756
pT	891.492871	0.000000	0.87232	0.0137232
pT	893.062988	0.000000	0.873685	0.0137369
pT	894.633008	0.000000	0.8703	0.013703
pT	896.202734	0.000000	0.876436	0.0137644
pT	897.772363	0.000000	0.877481	0.0137748
pT	899.341895	0.000000	0.876608	0.0137661
pT	900.911133	0.000000	0.876359	0.0137636
pT	902.480273	0.000000	0.876669	0.0137667
pT	904.049219	0.000000	0.872108	0.0137211
pT	905.617969	0.000000	0.876124	0.0137612
pT	907.186523	0.000000	0.874388	0.0137439
pT	908.754980	0.000000	0.879886	0.0137989
pT	910.323242	0.000000	0.881119	0.0138112
pT	911.891211	0.000000	0.87635	0.0137635
pT	913.459180	0.000000	0.872595	0.013726
pT	915.026855	0.000000	0.877795	0.0137779
pT	916.594336	0.000000	0.883695	0.013837
pT	918.161719	0.000000	0.874349	0.0137435
pT	919.728906	0.000000	0.870454	0.0137045
pT	921.295898	0.000000	0.872083	0.0137208
pT	922.862695	0.000000	0.877076	0.0137708
pT	924.429297	0.000000	0.872748	0.0137275
pT	925.995703	0.000000	0.877799	0.013778
pT	927.562012	0.000000	0.87671	0.0137671
pT	929.128027	0.000000	0.881738	0.0138174
pT	930.693945	0.000000	0.872086	0.0137209
pT	932.259668	0.000000	0.874757	0.0137476
pT	933.825195	0.000000	0.869016	0.0136902
pT	935.390527	0.000000	0.87662	0.0137662
pT	936.955664	0.000000	0.881279	0.0138128
pT	938.520605	0.000000	0.880496	0.013805
pT	940.085449	0.000000	0.882365	0.0138237
pT	941.650000	0.000000	0.874847	0.0137485
pT	943.214453	0.000000	0.875695	0.0137569
pT	944.778613	0.000000	0.868099	0.013681
pT	946.342676	0.000000	0.881545	0.0138155
pT	947.906543	0.000000	0.869877	0.0136988
pT	949.470117	0.000000	0.878098	0.013781
pT	951.033594	0.000000	0.886717	0.0138672
pT	952.596875	0.000000	0.876635	0.0137664
pT	954.159961	0.000000	0.878453	0.0137845
pT	955.722852	0.000000	0.874887	0.0137489
pT	957.285547	0.000000	0.88131	0.0138131
pT	958.847949	0.000000	0.880034	0.0138003
pT	960.410254	0.000000	0.884746	0.0138475
pT	961.972363	0.000000	0.871955	0.0137195
pT	963.534277	0.000000	0.875425	0.0137543
pT	965.095996	0.000000	0.879395	0.013794
pT	966.657520	0.000000	0.879318	0.0137932
pT	968.218848	0.000000	0.872266	0.0137227
pT	969.779980	0.000000	0.88568	0.0138568
pT	971.340918	0.000000	0.877666	0.0137767
pT	972.901660	0.000000	0.873079	0.0137308
pT	974.462207	0.000000	0.876097	0.013761
pT	976.022461	0.000000	0.875758	0.0137576
pT	977.582617	0.000000	0.882072	0.0138207
pT	979.142578	0.000000	0.87301	0.0137301
pT	980.702246	0.000000	0.891852	0.0139185
pT	982.261816	0.000000	0.885776	0.0138578
pT	983.821094	0.000000	0.876592	0.0137659
pT	985.380273	0.000000	0.880355	0.0138036
pT	986.939160	0.000000	0.877474	0.0137747
pT	988.497852	0.000000	0.889671	0.0138967
pT	990.056348	0.000000	0.881637	0.0138164
pT	991.614648	0.000000	0.890345	0.0139035
pT	993.172754	0.000000	0.886022	0.0138602
pT	994.730664	0.000000	0.878427	0.0137843
pT	996.288379	0.000000	0.884938	0.0138494
pT	997.845801	0.000000	0.890102	0.013901
pT	999.403125	0.000000	0.884887	0.0138489