
RTmethod[PolRT=-0.22, RevsRT=10, WVASE=3.486, HardVer=17.028, Sat Dec 03 13:07:20 2011]
Original[aunptrans.dat]
nm
pT	190.312256	0.000000	0.372466	0.00872466
pT	191.904187	0.000000	0.450126	0.00950126
pT	193.496191	0.000000	0.414748	0.00914748
pT	195.088281	0.000000	0.421624	0.00921624
pT	196.680420	0.000000	0.367558	0.00867558
pT	198.272644	0.000000	0.363078	0.00863078
pT	199.864929	0.000000	0.360705	0.00860705
pT	201.457288	0.000000	0.377579	0.00877579
pT	203.049719	0.000000	0.343662	0.00843662
pT	204.642212	0.000000	0.347553	0.00847553
pT	206.234766	0.000000	0.348004	0.00848004
pT	207.827393	0.000000	0.354566	0.00854566
pT	209.420093	0.000000	0.358508	0.00858508
pT	211.012866	0.000000	0.354154	0.00854154
pT	212.605688	0.000000	0.365124	0.00865125
pT	214.198560	0.000000	0.368078	0.00868078
pT	215.791528	0.000000	0.368065	0.00868065
pT	217.384546	0.000000	0.366973	0.00866973
pT	218.977612	0.000000	0.375811	0.00875811
pT	220.570752	0.000000	0.367308	0.00867308
pT	222.163965	0.000000	0.375977	0.00875977
pT	223.757227	0.000000	0.390322	0.00890322
pT	225.350537	0.000000	0.390732	0.00890732
pT	226.943921	0.000000	0.396586	0.00896586
pT	228.537378	0.000000	0.40283	0.0090283
pT	230.130884	0.000000	0.414046	0.00914046
pT	231.724438	0.000000	0.425969	0.00925969
pT	233.318066	0.000000	0.424916	0.00924916
pT	234.911743	0.000000	0.432022	0.00932022
pT	236.505469	0.000000	0.440888	0.00940888
pT	238.099268	0.000000	0.438074	0.00938074
pT	239.693091	0.000000	0.440532	0.00940532
pT	241.287012	0.000000	0.445804	0.00945804
pT	242.880957	0.000000	0.450849	0.00950849
pT	244.474951	0.000000	0.447163	0.00947163
pT	246.069019	0.000000	0.45282	0.0095282
pT	247.663135	0.000000	0.448517	0.00948517
pT	249.257300	0.000000	0.449682	0.00949682
pT	250.851514	0.000000	0.451166	0.00951166
pT	252.445801	0.000000	0.453862	0.00953862
pT	254.040112	0.000000	0.460643	0.00960643
pT	255.634497	0.000000	0.463143	0.00963143
pT	257.228906	0.000000	0.462304	0.00962304
pT	258.823364	0.000000	0.472664	0.00972664
pT	260.417896	0.000000	0.474704	0.00974704
pT	262.012451	0.000000	0.480785	0.00980785
pT	263.607080	0.000000	0.480936	0.00980937
pT	265.201733	0.000000	0.491445	0.00991445
pT	266.796436	0.000000	0.489875	0.00989875
pT	268.391187	0.000000	0.498221	0.00998221
pT	269.985986	0.000000	0.502108	0.0100211
pT	271.580835	0.000000	0.506039	0.0100604
pT	273.175708	0.000000	0.505772	0.0100577
pT	274.770654	0.000000	0.505527	0.0100553
pT	276.365625	0.000000	0.509353	0.0100935
pT	277.960620	0.000000	0.522977	0.0102298
pT	279.555688	0.000000	0.528103	0.010281
pT	281.150781	0.000000	0.527234	0.0102723
pT	282.745923	0.000000	0.527017	0.0102702
pT	284.341113	0.000000	0.529181	0.0102918
pT	285.936328	0.000000	0.533959	0.0103396
pT	287.531567	0.000000	0.535007	0.0103501
pT	289.126880	0.000000	0.543874	0.0104387
pT	290.722217	0.000000	0.541049	0.0104105
pT	292.317578	0.000000	0.548884	0.0104888
pT	293.912988	0.000000	0.550282	0.0105028
pT	295.508447	0.000000	0.543008	0.0104301
pT	297.103906	0.000000	0.554353	0.0105435
pT	298.699438	0.000000	0.550644	0.0105064
pT	300.294995	0.000000	0.558721	0.0105872
pT	301.890576	0.000000	0.571119	0.0107112
pT	303.486182	0.000000	0.566359	0.0106636
pT	305.081836	0.000000	0.574623	0.0107462
pT	306.677515	0.000000	0.57498	0.0107498
pT	308.273242	0.000000	0.571847	0.0107185
pT	309.868994	0.000000	0.57979	0.0107979
pT	311.464771	0.000000	0.581047	0.0108105
pT	313.060571	0.000000	0.587177	0.0108718
pT	314.656421	0.000000	0.581758	0.0108176
pT	316.252271	0.000000	0.589914	0.0108991
pT	317.848169	0.000000	0.594062	0.0109406
pT	319.444092	0.000000	0.589471	0.0108947
pT	321.040063	0.000000	0.596796	0.010968
pT	322.636035	0.000000	0.598418	0.0109842
pT	324.232031	0.000000	0.603113	0.0110311
pT	325.828076	0.000000	0.606656	0.0110666
pT	327.424121	0.000000	0.606386	0.0110639
pT	329.020215	0.000000	0.601323	0.0110132
pT	330.616309	0.000000	0.604201	0.011042
pT	332.212451	0.000000	0.612799	0.011128
pT	333.808594	0.000000	0.602028	0.0110203
pT	335.404785	0.000000	0.605552	0.0110555
pT	337.000977	0.000000	0.620436	0.0112044
pT	338.597192	0.000000	0.611688	0.0111169
pT	340.193433	0.000000	0.610734	0.0111073
pT	341.789697	0.000000	0.611272	0.0111127
pT	343.385986	0.000000	0.624799	0.011248
pT	344.982275	0.000000	0.622472	0.0112247
pT	346.578589	0.000000	0.619936	0.0111994
pT	348.174927	0.000000	0.632811	0.0113281
pT	349.771289	0.000000	0.631904	0.011319
pT	351.367651	0.000000	0.618036	0.0111804
pT	352.964038	0.000000	0.627235	0.0112723
pT	354.560449	0.000000	0.621407	0.0112141
pT	356.156860	0.000000	0.632494	0.0113249
pT	357.753296	0.000000	0.632489	0.0113249
pT	359.349756	0.000000	0.62684	0.0112684
pT	360.946216	0.000000	0.628646	0.0112865
pT	362.542700	0.000000	0.6342	0.011342
pT	364.139185	0.000000	0.625621	0.0112562
pT	365.735693	0.000000	0.630109	0.0113011
pT	367.332202	0.000000	0.634004	0.01134
pT	368.928711	0.000000	0.630504	0.011305
pT	370.525244	0.000000	0.629468	0.0112947
pT	372.121802	0.000000	0.625328	0.0112533
pT	373.718359	0.000000	0.627464	0.0112746
pT	375.314917	0.000000	0.637885	0.0113789
pT	376.911475	0.000000	0.639727	0.0113973
pT	378.508057	0.000000	0.635862	0.0113586
pT	380.104663	0.000000	0.630281	0.0113028
pT	381.701245	0.000000	0.628372	0.0112837
pT	383.297852	0.000000	0.641531	0.0114153
pT	384.894458	0.000000	0.639768	0.0113977
pT	386.491064	0.000000	0.640327	0.0114033
pT	388.087671	0.000000	0.645884	0.0114588
pT	389.684277	0.000000	0.642078	0.0114208
pT	391.280908	0.000000	0.649333	0.0114933
pT	392.877539	0.000000	0.651897	0.011519
pT	394.474170	0.000000	0.652131	0.0115213
pT	396.070801	0.000000	0.657407	0.0115741
pT	397.667407	0.000000	0.651598	0.011516
pT	399.264038	0.000000	0.650139	0.0115014
pT	400.860669	0.000000	0.647343	0.0114734
pT	402.457300	0.000000	0.655671	0.0115567
pT	404.053931	0.000000	0.647383	0.0114738
pT	405.650562	0.000000	0.654844	0.0115484
pT	407.247192	0.000000	0.656578	0.0115658
pT	408.843799	0.000000	0.652356	0.0115236
pT	410.440430	0.000000	0.662253	0.0116225
pT	412.037061	0.000000	0.656495	0.011565
pT	413.633643	0.000000	0.657053	0.0115705
pT	415.230273	0.000000	0.657469	0.0115747
pT	416.826855	0.000000	0.660318	0.0116032
pT	418.423438	0.000000	0.655474	0.0115547
pT	420.020068	0.000000	0.660654	0.0116065
pT	421.616602	0.000000	0.654429	0.0115443
pT	423.213184	0.000000	0.655335	0.0115533
pT	424.809766	0.000000	0.661273	0.0116127
pT	426.406299	0.000000	0.655518	0.0115552
pT	428.002881	0.000000	0.653815	0.0115382
pT	429.599414	0.000000	0.657407	0.0115741
pT	431.195947	0.000000	0.660084	0.0116008
pT	432.792432	0.000000	0.658152	0.0115815
pT	434.388965	0.000000	0.657629	0.0115763
pT	435.985449	0.000000	0.653191	0.0115319
pT	437.581934	0.000000	0.659311	0.0115931
pT	439.178418	0.000000	0.657847	0.0115785
pT	440.774854	0.000000	0.657579	0.0115758
pT	442.371289	0.000000	0.656335	0.0115633
pT	443.967725	0.000000	0.656392	0.0115639
pT	445.564111	0.000000	0.656132	0.0115613
pT	447.160498	0.000000	0.654932	0.0115493
pT	448.756885	0.000000	0.65897	0.0115897
pT	450.353271	0.000000	0.655974	0.0115597
pT	451.949609	0.000000	0.65535	0.0115535
pT	453.545898	0.000000	0.655512	0.0115551
pT	455.142236	0.000000	0.651664	0.0115166
pT	456.738525	0.000000	0.655522	0.0115552
pT	458.334766	0.000000	0.654138	0.0115414
pT	459.931006	0.000000	0.654993	0.0115499
pT	461.527246	0.000000	0.65121	0.0115121
pT	463.123438	0.000000	0.649789	0.0114979
pT	464.719629	0.000000	0.650859	0.0115086
pT	466.315771	0.000000	0.648763	0.0114876
pT	467.911914	0.000000	0.651134	0.0115113
pT	469.508057	0.000000	0.647148	0.0114715
pT	471.104150	0.000000	0.645592	0.0114559
pT	472.700195	0.000000	0.644237	0.0114424
pT	474.296240	0.000000	0.645568	0.0114557
pT	475.892236	0.000000	0.641032	0.0114103
pT	477.488232	0.000000	0.638367	0.0113837
pT	479.084180	0.000000	0.637871	0.0113787
pT	480.680127	0.000000	0.635982	0.0113598
pT	482.276025	0.000000	0.636391	0.0113639
pT	483.871924	0.000000	0.630015	0.0113002
pT	485.467773	0.000000	0.630156	0.0113016
pT	487.063574	0.000000	0.627233	0.0112723
pT	488.659375	0.000000	0.624927	0.0112493
pT	490.255127	0.000000	0.620392	0.0112039
pT	491.850830	0.000000	0.616469	0.0111647
pT	493.446533	0.000000	0.614176	0.0111418
pT	495.042187	0.000000	0.61194	0.0111194
pT	496.637842	0.000000	0.611169	0.0111117
pT	498.233447	0.000000	0.606723	0.0110672
pT	499.829004	0.000000	0.602261	0.0110226
pT	501.424512	0.000000	0.601585	0.0110159
pT	503.020020	0.000000	0.593192	0.0109319
pT	504.615479	0.000000	0.593046	0.0109305
pT	506.210889	0.000000	0.591447	0.0109145
pT	507.806250	0.000000	0.586275	0.0108628
pT	509.401611	0.000000	0.585809	0.0108581
pT	510.996924	0.000000	0.584113	0.0108411
pT	512.592188	0.000000	0.580117	0.0108012
pT	514.187402	0.000000	0.578961	0.0107896
pT	515.782617	0.000000	0.578222	0.0107822
pT	517.377734	0.000000	0.576789	0.0107679
pT	518.972852	0.000000	0.576639	0.0107664
pT	520.567920	0.000000	0.574895	0.010749
pT	522.162939	0.000000	0.575562	0.0107556
pT	523.757959	0.000000	0.574746	0.0107475
pT	525.352881	0.000000	0.575919	0.0107592
pT	526.947803	0.000000	0.578228	0.0107823
pT	528.542627	0.000000	0.577521	0.0107752
pT	530.137451	0.000000	0.579976	0.0107998
pT	531.732227	0.000000	0.582291	0.0108229
pT	533.326953	0.000000	0.58391	0.0108391
pT	534.921631	0.000000	0.589015	0.0108902
pT	536.516260	0.000000	0.593733	0.0109373
pT	538.110840	0.000000	0.596937	0.0109694
pT	539.705371	0.000000	0.600406	0.0110041
pT	541.299854	0.000000	0.604013	0.0110401
pT	542.894287	0.000000	0.608367	0.0110837
pT	544.488672	0.000000	0.612589	0.0111259
pT	546.083008	0.000000	0.616346	0.0111635
pT	547.677295	0.000000	0.620651	0.0112065
pT	549.271533	0.000000	0.626364	0.0112636
pT	550.865674	0.000000	0.63232	0.0113232
pT	552.459814	0.000000	0.638563	0.0113856
pT	554.053906	0.000000	0.643472	0.0114347
pT	555.647900	0.000000	0.648242	0.0114824
pT	557.241895	0.000000	0.655067	0.0115507
pT	558.835791	0.000000	0.658758	0.0115876
pT	560.429688	0.000000	0.66761	0.0116761
pT	562.023486	0.000000	0.669696	0.011697
pT	563.617236	0.000000	0.674848	0.0117485
pT	565.210938	0.000000	0.682155	0.0118215
pT	566.804541	0.000000	0.687158	0.0118716
pT	568.398145	0.000000	0.691805	0.011918
pT	569.991650	0.000000	0.696187	0.0119619
pT	571.585107	0.000000	0.701055	0.0120106
pT	573.178516	0.000000	0.704828	0.0120483
pT	574.771875	0.000000	0.711992	0.0121199
pT	576.365137	0.000000	0.715692	0.0121569
pT	577.958350	0.000000	0.720475	0.0122047
pT	579.551514	0.000000	0.721879	0.0122188
pT	581.144629	0.000000	0.72595	0.0122595
pT	582.737646	0.000000	0.733464	0.0123346
pT	584.330615	0.000000	0.734905	0.0123491
pT	585.923535	0.000000	0.740721	0.0124072
pT	587.516357	0.000000	0.743262	0.0124326
pT	589.109131	0.000000	0.745704	0.012457
pT	590.701855	0.000000	0.750337	0.0125034
pT	592.294531	0.000000	0.753672	0.0125367
pT	593.887109	0.000000	0.756633	0.0125663
pT	595.479590	0.000000	0.760776	0.0126078
pT	597.072070	0.000000	0.763525	0.0126353
pT	598.664453	0.000000	0.766501	0.012665
pT	600.256738	0.000000	0.768984	0.0126898
pT	601.848975	0.000000	0.771896	0.012719
pT	603.441162	0.000000	0.775229	0.0127523
pT	605.033252	0.000000	0.777384	0.0127738
pT	606.625293	0.000000	0.780499	0.012805
pT	608.217236	0.000000	0.783221	0.0128322
pT	609.809131	0.000000	0.783216	0.0128322
pT	611.400928	0.000000	0.787784	0.0128778
pT	612.992676	0.000000	0.789604	0.012896
pT	614.584326	0.000000	0.794095	0.0129409
pT	616.175928	0.000000	0.790589	0.0129059
pT	617.767480	0.000000	0.793887	0.0129389
pT	619.358887	0.000000	0.795227	0.0129523
pT	620.950293	0.000000	0.799424	0.0129942
pT	622.541553	0.000000	0.80072	0.0130072
pT	624.132764	0.000000	0.802828	0.0130283
pT	625.723926	0.000000	0.803654	0.0130365
pT	627.314990	0.000000	0.80633	0.0130633
pT	628.905957	0.000000	0.805981	0.0130598
pT	630.496826	0.000000	0.806541	0.0130654
pT	632.087646	0.000000	0.809435	0.0130944
pT	633.678418	0.000000	0.81268	0.0131268
pT	635.269092	0.000000	0.811314	0.0131131
pT	636.859668	0.000000	0.813982	0.0131398
pT	638.450146	0.000000	0.814341	0.0131434
pT	640.040576	0.000000	0.818473	0.0131847
pT	641.630908	0.000000	0.818175	0.0131818
pT	643.221143	0.000000	0.819929	0.0131993
pT	644.811328	0.000000	0.820587	0.0132059
pT	646.401367	0.000000	0.820679	0.0132068
pT	647.991357	0.000000	0.821782	0.0132178
pT	649.581299	0.000000	0.824275	0.0132428
pT	651.171094	0.000000	0.827237	0.0132724
pT	652.760840	0.000000	0.827037	0.0132704
pT	654.350488	0.000000	0.827234	0.0132723
pT	655.940039	0.000000	0.828747	0.0132875
pT	657.529541	0.000000	0.830944	0.0133094
pT	659.118896	0.000000	0.830085	0.0133008
pT	660.708203	0.000000	0.831958	0.0133196
pT	662.297412	0.000000	0.832686	0.0133269
pT	663.886523	0.000000	0.832854	0.0133285
pT	665.475537	0.000000	0.832484	0.0133248
pT	667.064453	0.000000	0.833525	0.0133353
pT	668.653320	0.000000	0.835486	0.0133549
pT	670.242041	0.000000	0.835366	0.0133537
pT	671.830713	0.000000	0.837161	0.0133716
pT	673.419238	0.000000	0.834853	0.0133485
pT	675.007715	0.000000	0.841138	0.0134114
pT	676.596094	0.000000	0.839121	0.0133912
pT	678.184375	0.000000	0.838852	0.0133885
pT	679.772510	0.000000	0.838825	0.0133883
pT	681.360596	0.000000	0.839983	0.0133998
pT	682.948584	0.000000	0.841506	0.0134151
pT	684.536475	0.000000	0.845914	0.0134591
pT	686.124268	0.000000	0.844952	0.0134495
pT	687.711963	0.000000	0.846083	0.0134608
pT	689.299512	0.000000	0.845814	0.0134581
pT	690.887012	0.000000	0.843083	0.0134308
pT	692.474414	0.000000	0.846797	0.013468
pT	694.061670	0.000000	0.847365	0.0134737
pT	695.648877	0.000000	0.845823	0.0134582
pT	697.235938	0.000000	0.848891	0.0134889
pT	698.822949	0.000000	0.846563	0.0134656
pT	700.409814	0.000000	0.848706	0.0134871
pT	701.996582	0.000000	0.846937	0.0134694
pT	703.583252	0.000000	0.847063	0.0134706
pT	705.169824	0.000000	0.850318	0.0135032
pT	706.756250	0.000000	0.851174	0.0135117
pT	708.342627	0.000000	0.848042	0.0134804
pT	709.928857	0.000000	0.847205	0.013472
pT	711.514990	0.000000	0.850173	0.0135017
pT	713.101025	0.000000	0.849824	0.0134982
pT	714.686963	0.000000	0.851675	0.0135168
pT	716.272754	0.000000	0.851293	0.0135129
pT	717.858447	0.000000	0.850823	0.0135082
pT	719.444043	0.000000	0.857387	0.0135739
pT	721.029541	0.000000	0.852198	0.013522
pT	722.614893	0.000000	0.854908	0.0135491
pT	724.200195	0.000000	0.854585	0.0135458
pT	725.785303	0.000000	0.854849	0.0135485
pT	727.370361	0.000000	0.853121	0.0135312
pT	728.955273	0.000000	0.855054	0.0135505
pT	730.540088	0.000000	0.857729	0.0135773
pT	732.124805	0.000000	0.855218	0.0135522
pT	733.709375	0.000000	0.857539	0.0135754
pT	735.293848	0.000000	0.854271	0.0135427
pT	736.878174	0.000000	0.859853	0.0135985
pT	738.462402	0.000000	0.860365	0.0136037
pT	740.046533	0.000000	0.856925	0.0135692
pT	741.630518	0.000000	0.85884	0.0135884
pT	743.214404	0.000000	0.854336	0.0135434
pT	744.798145	0.000000	0.85887	0.0135887
pT	746.381787	0.000000	0.854838	0.0135484
pT	747.965332	0.000000	0.857333	0.0135733
pT	749.548730	0.000000	0.859108	0.0135911
pT	751.131982	0.000000	0.855764	0.0135576
pT	752.715137	0.000000	0.854519	0.0135452
pT	754.298193	0.000000	0.858746	0.0135875
pT	755.881104	0.000000	0.860279	0.0136028
pT	757.463867	0.000000	0.862815	0.0136282
pT	759.046533	0.000000	0.861417	0.0136142
pT	760.629102	0.000000	0.861927	0.0136193
pT	762.211523	0.000000	0.86415	0.0136415
pT	763.793799	0.000000	0.85899	0.0135899
pT	765.375977	0.000000	0.861724	0.0136172
pT	766.958008	0.000000	0.856474	0.0135647
pT	768.539941	0.000000	0.857398	0.013574
pT	770.121729	0.000000	0.859643	0.0135964
pT	771.703369	0.000000	0.855954	0.0135595
pT	773.284912	0.000000	0.860433	0.0136043
pT	774.866309	0.000000	0.863872	0.0136387
pT	776.447559	0.000000	0.863981	0.0136398
pT	778.028711	0.000000	0.860923	0.0136092
pT	779.609717	0.000000	0.861781	0.0136178
pT	781.190576	0.000000	0.862937	0.0136294
pT	782.771338	0.000000	0.858406	0.0135841
pT	784.351953	0.000000	0.864118	0.0136412
pT	785.932422	0.000000	0.86417	0.0136417
pT	787.512793	0.000000	0.863896	0.013639
pT	789.093018	0.000000	0.865888	0.0136589
pT	790.673096	0.000000	0.863789	0.0136379
pT	792.253027	0.000000	0.862354	0.0136235
pT	793.832813	0.000000	0.861962	0.0136196
pT	795.412500	0.000000	0.867299	0.013673
pT	796.992041	0.000000	0.865003	0.01365
pT	798.571436	0.000000	0.864197	0.013642
pT	800.150684	0.000000	0.869797	0.013698
pT	801.729785	0.000000	0.866162	0.0136616
pT	803.308789	0.000000	0.870606	0.0137061
pT	804.887646	0.000000	0.866832	0.0136683
pT	806.466309	0.000000	0.865543	0.0136554
pT	808.044873	0.000000	0.865031	0.0136503
pT	809.623291	0.000000	0.864815	0.0136481
pT	811.201611	0.000000	0.865867	0.0136587
pT	812.779736	0.000000	0.864022	0.0136402
pT	814.357715	0.000000	0.867878	0.0136788
pT	815.935547	0.000000	0.866295	0.0136629
pT	817.513281	0.000000	0.864798	0.013648
pT	819.090820	0.000000	0.868618	0.0136862
pT	820.668262	0.000000	0.86091	0.0136091
pT	822.245508	0.000000	0.868726	0.0136873
pT	823.822656	0.000000	0.867226	0.0136723
pT	825.399609	0.000000	0.864139	0.0136414
pT	826.976465	0.000000	0.870205	0.013702
pT	828.553125	0.000000	0.865148	0.0136515
pT	830.129688	0.000000	0.869403	0.013694
pT	831.706055	0.000000	0.871785	0.0137178
pT	833.282324	0.000000	0.871097	0.013711
pT	834.858398	0.000000	0.870754	0.0137075
pT	836.434277	0.000000	0.871085	0.0137108
pT	838.010059	0.000000	0.869721	0.0136972
pT	839.585742	0.000000	0.867455	0.0136746
pT	841.161230	0.000000	0.873761	0.0137376
pT	842.736523	0.000000	0.870562	0.0137056
pT	844.311719	0.000000	0.868212	0.0136821
pT	845.886719	0.000000	0.8674	0.013674
pT	847.461621	0.000000	0.870694	0.0137069
pT	849.036328	0.000000	0.86995	0.0136995
pT	850.610840	0.000000	0.87136	0.0137136
pT	852.185254	0.000000	0.874736	0.0137474
pT	853.759473	0.000000	0.864027	0.0136403
pT	855.333594	0.000000	0.874519	0.0137452
pT	856.907520	0.000000	0.87041	0.0137041
pT	858.481250	0.000000	0.867356	0.0136736
pT	860.054883	0.000000	0.869791	0.0136979
pT	861.628320	0.000000	0.869389	0.0136939
pT	863.201563	0.000000	0.865431	0.0136543
pT	864.774707	0.000000	0.873212	0.0137321
pT	866.347656	0.000000	0.868381	0.0136838
pT	867.920508	0.000000	0.870874	0.0137087
pT	869.493164	0.000000	0.87445	0.0137445
pT	871.065625	0.000000	0.871944	0.0137194
pT	872.637988	0.000000	0.873544	0.0137354
pT	874.210156	0.000000	0.872816	0.0137282
pT	875.782129	0.000000	0.868283	0.0136828
pT	877.353906	0.000000	0.868313	0.0136831
pT	878.925586	0.000000	0.872818	0.0137282
pT	880.497070	0.000000	0.868697	0.013687
pT	882.068359	0.000000	0.872015	0.0137202
pT	883.639551	0.000000	0.868646	0.0136865
pT	885.210547	0.000000	0.867184	0.0136718
pT	886.781348	0.000000	0.872865	0.0137286
pT	888.352051	0.000000	0.86784	0.0136784
pT	889.922559	0.000000	0.871576	0.0137158
pT	891.492871	0.000000	0.870045	0.0137004
pT	893.062988	0.000000	0.866897	0.013669
pT	894.633008	0.000000	0.869173	0.0136917
pT	896.202734	0.000000	0.869084	0.0136908
pT	897.772363	0.000000	0.872281	0.0137228
pT	899.341895	0.000000	0.874556	0.0137456
pT	900.911133	0.000000	0.870094	0.0137009
pT	902.480273	0.000000	0.872712	0.0137271
pT	904.049219	0.000000	0.867141	0.0136714
pT	905.617969	0.000000	0.877172	0.0137717
pT	907.186523	0.000000	0.872825	0.0137282
pT	908.754980	0.000000	0.87875	0.0137875
pT	910.323242	0.000000	0.880669	0.0138067
pT	911.891211	0.000000	0.871146	0.0137115
pT	913.459180	0.000000	0.871627	0.0137163
pT	915.026855	0.000000	0.87932	0.0137932
pT	916.594336	0.000000	0.881023	0.0138102
pT	918.161719	0.000000	0.873711	0.0137371
pT	919.728906	0.000000	0.867369	0.0136737
pT	921.295898	0.000000	0.872649	0.0137265
pT	922.862695	0.000000	0.878665	0.0137866
pT	924.429297	0.000000	0.875664	0.0137566
pT	925.995703	0.000000	0.878439	0.0137844
pT	927.562012	0.000000	0.872944	0.0137294
pT	929.128027	0.000000	0.87941	0.0137941
pT	930.693945	0.000000	0.871859	0.0137186
pT	932.259668	0.000000	0.876639	0.0137664
pT	933.825195	0.000000	0.876132	0.0137613
pT	935.390527	0.000000	0.877397	0.013774
pT	936.955664	0.000000	0.87426	0.0137426
pT	938.520605	0.000000	0.881834	0.0138183
pT	940.085449	0.000000	0.889071	0.0138907
pT	941.650000	0.000000	0.872817	0.0137282
pT	943.214453	0.000000	0.875228	0.0137523
pT	944.778613	0.000000	0.873163	0.0137316
pT	946.342676	0.000000	0.879896	0.013799
pT	947.906543	0.000000	0.870068	0.0137007
pT	949.470117	0.000000	0.880075	0.0138007
pT	951.033594	0.000000	0.876867	0.0137687
pT	952.596875	0.000000	0.873401	0.013734
pT	954.159961	0.000000	0.872972	0.0137297
pT	955.722852	0.000000	0.876117	0.0137612
pT	957.285547	0.000000	0.884643	0.0138464
pT	958.847949	0.000000	0.868833	0.0136883
pT	960.410254	0.000000	0.877119	0.0137712
pT	961.972363	0.000000	0.872636	0.0137264
pT	963.534277	0.000000	0.868704	0.013687
pT	965.095996	0.000000	0.876972	0.0137697
pT	966.657520	0.000000	0.868737	0.0136874
pT	968.218848	0.000000	0.8764	0.013764
pT	969.779980	0.000000	0.876911	0.0137691
pT	971.340918	0.000000	0.87566	0.0137566
pT	972.901660	0.000000	0.874746	0.0137475
pT	974.462207	0.000000	0.889337	0.0138934
pT	976.022461	0.000000	0.880974	0.0138097
pT	977.582617	0.000000	0.884042	0.0138404
pT	979.142578	0.000000	0.876613	0.0137661
pT	980.702246	0.000000	0.884678	0.0138468
pT	982.261816	0.000000	0.887342	0.0138734
pT	983.821094	0.000000	0.878743	0.0137874
pT	985.380273	0.000000	0.887059	0.0138706
pT	986.939160	0.000000	0.876371	0.0137637
pT	988.497852	0.000000	0.879839	0.0137984
pT	990.056348	0.000000	0.880611	0.0138061
pT	991.614648	0.000000	0.882476	0.0138248
pT	993.172754	0.000000	0.879977	0.0137998
pT	994.730664	0.000000	0.875789	0.0137579
pT	996.288379	0.000000	0.876228	0.0137623
pT	997.845801	0.000000	0.883999	0.01384
pT	999.403125	0.000000	0.876178	0.0137618