
RTmethod[PolRT=-0.22, RevsRT=10, WVASE=3.486, HardVer=17.028, Sat Dec 03 13:08:57 2011]
Original[sinctrans.dat]
nm
pT	190.312256	0.000000	0.0557575	0.00555757
pT	191.904187	0.000000	0.0766639	0.00576664
pT	193.496191	0.000000	0.0284757	0.00528476
pT	195.088281	0.000000	0.0399575	0.00539957
pT	196.680420	0.000000	0.035599	0.00535599
pT	198.272644	0.000000	0.0466347	0.00546635
pT	199.864929	0.000000	0.051506	0.00551506
pT	201.457288	0.000000	0.0672814	0.00567281
pT	203.049719	0.000000	0.0607316	0.00560732
pT	204.642212	0.000000	0.0620078	0.00562008
pT	206.234766	0.000000	0.0633446	0.00563345
pT	207.827393	0.000000	0.0755864	0.00575586
pT	209.420093	0.000000	0.0813037	0.00581304
pT	211.012866	0.000000	0.0847229	0.00584723
pT	212.605688	0.000000	0.0904546	0.00590455
pT	214.198560	0.000000	0.105141	0.00605141
pT	215.791528	0.000000	0.108175	0.00608175
pT	217.384546	0.000000	0.122116	0.00622116
pT	218.977612	0.000000	0.122941	0.0062294
pT	220.570752	0.000000	0.125159	0.00625159
pT	222.163965	0.000000	0.128731	0.00628731
pT	223.757227	0.000000	0.131774	0.00631774
pT	225.350537	0.000000	0.133857	0.00633857
pT	226.943921	0.000000	0.140265	0.00640265
pT	228.537378	0.000000	0.146454	0.00646454
pT	230.130884	0.000000	0.151931	0.00651931
pT	231.724438	0.000000	0.156345	0.00656345
pT	233.318066	0.000000	0.159381	0.00659381
pT	234.911743	0.000000	0.165665	0.00665665
pT	236.505469	0.000000	0.172648	0.00672648
pT	238.099268	0.000000	0.174746	0.00674746
pT	239.693091	0.000000	0.180066	0.00680066
pT	241.287012	0.000000	0.186535	0.00686535
pT	242.880957	0.000000	0.1871	0.006871
pT	244.474951	0.000000	0.193293	0.00693293
pT	246.069019	0.000000	0.197793	0.00697793
pT	247.663135	0.000000	0.201708	0.00701708
pT	249.257300	0.000000	0.206415	0.00706415
pT	250.851514	0.000000	0.209678	0.00709678
pT	252.445801	0.000000	0.212263	0.00712263
pT	254.040112	0.000000	0.214426	0.00714426
pT	255.634497	0.000000	0.221028	0.00721028
pT	257.228906	0.000000	0.225497	0.00725497
pT	258.823364	0.000000	0.227731	0.00727731
pT	260.417896	0.000000	0.230527	0.00730527
pT	262.012451	0.000000	0.235332	0.00735332
pT	263.607080	0.000000	0.233769	0.00733769
pT	265.201733	0.000000	0.239173	0.00739173
pT	266.796436	0.000000	0.238983	0.00738983
pT	268.391187	0.000000	0.243884	0.00743884
pT	269.985986	0.000000	0.246772	0.00746772
pT	271.580835	0.000000	0.247633	0.00747633
pT	273.175708	0.000000	0.248525	0.00748525
pT	274.770654	0.000000	0.253347	0.00753347
pT	276.365625	0.000000	0.251236	0.00751236
pT	277.960620	0.000000	0.258689	0.00758689
pT	279.555688	0.000000	0.256397	0.00756397
pT	281.150781	0.000000	0.249752	0.00749752
pT	282.745923	0.000000	0.257162	0.00757162
pT	284.341113	0.000000	0.253402	0.00753402
pT	285.936328	0.000000	0.263249	0.00763249
pT	287.531567	0.000000	0.26023	0.0076023
pT	289.126880	0.000000	0.262706	0.00762706
pT	290.722217	0.000000	0.266379	0.00766379
pT	292.317578	0.000000	0.264637	0.00764637
pT	293.912988	0.000000	0.266057	0.00766057
pT	295.508447	0.000000	0.26553	0.0076553
pT	297.103906	0.000000	0.270364	0.00770364
pT	298.699438	0.000000	0.270425	0.00770425
pT	300.294995	0.000000	0.275478	0.00775478
pT	301.890576	0.000000	0.279059	0.00779059
pT	303.486182	0.000000	0.280159	0.00780159
pT	305.081836	0.000000	0.282648	0.00782648
pT	306.677515	0.000000	0.283852	0.00783852
pT	308.273242	0.000000	0.28156	0.0078156
pT	309.868994	0.000000	0.28444	0.0078444
pT	311.464771	0.000000	0.287782	0.00787782
pT	313.060571	0.000000	0.294425	0.00794425
pT	314.656421	0.000000	0.289964	0.00789964
pT	316.252271	0.000000	0.291706	0.00791706
pT	317.848169	0.000000	0.296999	0.00796999
pT	319.444092	0.000000	0.294441	0.00794441
pT	321.040063	0.000000	0.294479	0.00794479
pT	322.636035	0.000000	0.301085	0.00801085
pT	324.232031	0.000000	0.299999	0.00799999
pT	325.828076	0.000000	0.303238	0.00803238
pT	327.424121	0.000000	0.309112	0.00809112
pT	329.020215	0.000000	0.318941	0.00818941
pT	330.616309	0.000000	0.310162	0.00810162
pT	332.212451	0.000000	0.316729	0.00816729
pT	333.808594	0.000000	0.313515	0.00813515
pT	335.404785	0.000000	0.310747	0.00810747
pT	337.000977	0.000000	0.321531	0.00821531
pT	338.597192	0.000000	0.326828	0.00826828
pT	340.193433	0.000000	0.324593	0.00824593
pT	341.789697	0.000000	0.321798	0.00821798
pT	343.385986	0.000000	0.334093	0.00834093
pT	344.982275	0.000000	0.328699	0.00828699
pT	346.578589	0.000000	0.331339	0.00831339
pT	348.174927	0.000000	0.338196	0.00838196
pT	349.771289	0.000000	0.337516	0.00837516
pT	351.367651	0.000000	0.332615	0.00832615
pT	352.964038	0.000000	0.334877	0.00834877
pT	354.560449	0.000000	0.337698	0.00837698
pT	356.156860	0.000000	0.340261	0.00840261
pT	357.753296	0.000000	0.340641	0.00840641
pT	359.349756	0.000000	0.341226	0.00841225
pT	360.946216	0.000000	0.339844	0.00839844
pT	362.542700	0.000000	0.341123	0.00841123
pT	364.139185	0.000000	0.346213	0.00846213
pT	365.735693	0.000000	0.34264	0.0084264
pT	367.332202	0.000000	0.343507	0.00843507
pT	368.928711	0.000000	0.342862	0.00842862
pT	370.525244	0.000000	0.346708	0.00846708
pT	372.121802	0.000000	0.340169	0.00840169
pT	373.718359	0.000000	0.346952	0.00846952
pT	375.314917	0.000000	0.346084	0.00846084
pT	376.911475	0.000000	0.351785	0.00851785
pT	378.508057	0.000000	0.348488	0.00848488
pT	380.104663	0.000000	0.351451	0.00851451
pT	381.701245	0.000000	0.348695	0.00848695
pT	383.297852	0.000000	0.34873	0.0084873
pT	384.894458	0.000000	0.353534	0.00853534
pT	386.491064	0.000000	0.354499	0.00854499
pT	388.087671	0.000000	0.352662	0.00852662
pT	389.684277	0.000000	0.354915	0.00854915
pT	391.280908	0.000000	0.35618	0.0085618
pT	392.877539	0.000000	0.360701	0.00860701
pT	394.474170	0.000000	0.362715	0.00862715
pT	396.070801	0.000000	0.359783	0.00859783
pT	397.667407	0.000000	0.359756	0.00859756
pT	399.264038	0.000000	0.362573	0.00862573
pT	400.860669	0.000000	0.358608	0.00858608
pT	402.457300	0.000000	0.358866	0.00858866
pT	404.053931	0.000000	0.36086	0.0086086
pT	405.650562	0.000000	0.364799	0.00864799
pT	407.247192	0.000000	0.367346	0.00867346
pT	408.843799	0.000000	0.366832	0.00866832
pT	410.440430	0.000000	0.369001	0.00869001
pT	412.037061	0.000000	0.368477	0.00868477
pT	413.633643	0.000000	0.368021	0.00868021
pT	415.230273	0.000000	0.369723	0.00869723
pT	416.826855	0.000000	0.36985	0.0086985
pT	418.423438	0.000000	0.370997	0.00870997
pT	420.020068	0.000000	0.373391	0.00873391
pT	421.616602	0.000000	0.37333	0.0087333
pT	423.213184	0.000000	0.371768	0.00871768
pT	424.809766	0.000000	0.376224	0.00876224
pT	426.406299	0.000000	0.374227	0.00874227
pT	428.002881	0.000000	0.377894	0.00877894
pT	429.599414	0.000000	0.378756	0.00878756
pT	431.195947	0.000000	0.379125	0.00879125
pT	432.792432	0.000000	0.379281	0.00879281
pT	434.388965	0.000000	0.376711	0.00876711
pT	435.985449	0.000000	0.370305	0.00870305
pT	437.581934	0.000000	0.38101	0.0088101
pT	439.178418	0.000000	0.380331	0.00880331
pT	440.774854	0.000000	0.384864	0.00884864
pT	442.371289	0.000000	0.382665	0.00882665
pT	443.967725	0.000000	0.383604	0.00883604
pT	445.564111	0.000000	0.383712	0.00883712
pT	447.160498	0.000000	0.384335	0.00884335
pT	448.756885	0.000000	0.38697	0.0088697
pT	450.353271	0.000000	0.386341	0.00886341
pT	451.949609	0.000000	0.387813	0.00887813
pT	453.545898	0.000000	0.387979	0.00887979
pT	455.142236	0.000000	0.388238	0.00888238
pT	456.738525	0.000000	0.389074	0.00889074
pT	458.334766	0.000000	0.391997	0.00891997
pT	459.931006	0.000000	0.390683	0.00890683
pT	461.527246	0.000000	0.393396	0.00893396
pT	463.123438	0.000000	0.394597	0.00894597
pT	464.719629	0.000000	0.39374	0.0089374
pT	466.315771	0.000000	0.395188	0.00895188
pT	467.911914	0.000000	0.395361	0.00895361
pT	469.508057	0.000000	0.397081	0.00897081
pT	471.104150	0.000000	0.396042	0.00896042
pT	472.700195	0.000000	0.396656	0.00896657
pT	474.296240	0.000000	0.397802	0.00897802
pT	475.892236	0.000000	0.398984	0.00898984
pT	477.488232	0.000000	0.397407	0.00897407
pT	479.084180	0.000000	0.400252	0.00900252
pT	480.680127	0.000000	0.39813	0.00898131
pT	482.276025	0.000000	0.399427	0.00899427
pT	483.871924	0.000000	0.401509	0.00901509
pT	485.467773	0.000000	0.40164	0.0090164
pT	487.063574	0.000000	0.401768	0.00901768
pT	488.659375	0.000000	0.404223	0.00904223
pT	490.255127	0.000000	0.404679	0.00904679
pT	491.850830	0.000000	0.40432	0.0090432
pT	493.446533	0.000000	0.403756	0.00903756
pT	495.042187	0.000000	0.404973	0.00904973
pT	496.637842	0.000000	0.403971	0.00903971
pT	498.233447	0.000000	0.406507	0.00906507
pT	499.829004	0.000000	0.408497	0.00908497
pT	501.424512	0.000000	0.408828	0.00908828
pT	503.020020	0.000000	0.407441	0.00907441
pT	504.615479	0.000000	0.41036	0.0091036
pT	506.210889	0.000000	0.410212	0.00910212
pT	507.806250	0.000000	0.411322	0.00911322
pT	509.401611	0.000000	0.412586	0.00912586
pT	510.996924	0.000000	0.412918	0.00912918
pT	512.592188	0.000000	0.412956	0.00912956
pT	514.187402	0.000000	0.411173	0.00911172
pT	515.782617	0.000000	0.412472	0.00912472
pT	517.377734	0.000000	0.414854	0.00914854
pT	518.972852	0.000000	0.415205	0.00915205
pT	520.567920	0.000000	0.41584	0.0091584
pT	522.162939	0.000000	0.416375	0.00916375
pT	523.757959	0.000000	0.416706	0.00916706
pT	525.352881	0.000000	0.416529	0.00916529
pT	526.947803	0.000000	0.417046	0.00917046
pT	528.542627	0.000000	0.417541	0.00917541
pT	530.137451	0.000000	0.418237	0.00918237
pT	531.732227	0.000000	0.420129	0.00920129
pT	533.326953	0.000000	0.421254	0.00921254
pT	534.921631	0.000000	0.420373	0.00920373
pT	536.516260	0.000000	0.420777	0.00920777
pT	538.110840	0.000000	0.421958	0.00921958
pT	539.705371	0.000000	0.421571	0.00921571
pT	541.299854	0.000000	0.421439	0.00921439
pT	542.894287	0.000000	0.423751	0.00923751
pT	544.488672	0.000000	0.425857	0.00925857
pT	546.083008	0.000000	0.42353	0.0092353
pT	547.677295	0.000000	0.422595	0.00922595
pT	549.271533	0.000000	0.42613	0.0092613
pT	550.865674	0.000000	0.425789	0.00925789
pT	552.459814	0.000000	0.428207	0.00928207
pT	554.053906	0.000000	0.426805	0.00926805
pT	555.647900	0.000000	0.427095	0.00927095
pT	557.241895	0.000000	0.428805	0.00928805
pT	558.835791	0.000000	0.429329	0.00929329
pT	560.429688	0.000000	0.430778	0.00930778
pT	562.023486	0.000000	0.429244	0.00929244
pT	563.617236	0.000000	0.429951	0.00929951
pT	565.210938	0.000000	0.431436	0.00931436
pT	566.804541	0.000000	0.430873	0.00930873
pT	568.398145	0.000000	0.431473	0.00931473
pT	569.991650	0.000000	0.429933	0.00929933
pT	571.585107	0.000000	0.432247	0.00932247
pT	573.178516	0.000000	0.432281	0.00932281
pT	574.771875	0.000000	0.433257	0.00933257
pT	576.365137	0.000000	0.433061	0.00933062
pT	577.958350	0.000000	0.434561	0.00934561
pT	579.551514	0.000000	0.434267	0.00934266
pT	581.144629	0.000000	0.435149	0.00935149
pT	582.737646	0.000000	0.43621	0.0093621
pT	584.330615	0.000000	0.43607	0.0093607
pT	585.923535	0.000000	0.437682	0.00937682
pT	587.516357	0.000000	0.438106	0.00938106
pT	589.109131	0.000000	0.436929	0.00936929
pT	590.701855	0.000000	0.438369	0.00938369
pT	592.294531	0.000000	0.438616	0.00938616
pT	593.887109	0.000000	0.438957	0.00938957
pT	595.479590	0.000000	0.441083	0.00941083
pT	597.072070	0.000000	0.440526	0.00940526
pT	598.664453	0.000000	0.44137	0.0094137
pT	600.256738	0.000000	0.441592	0.00941592
pT	601.848975	0.000000	0.443809	0.00943809
pT	603.441162	0.000000	0.442801	0.00942801
pT	605.033252	0.000000	0.44273	0.0094273
pT	606.625293	0.000000	0.444086	0.00944086
pT	608.217236	0.000000	0.445882	0.00945882
pT	609.809131	0.000000	0.443256	0.00943256
pT	611.400928	0.000000	0.444426	0.00944426
pT	612.992676	0.000000	0.44453	0.0094453
pT	614.584326	0.000000	0.444991	0.00944991
pT	616.175928	0.000000	0.44512	0.0094512
pT	617.767480	0.000000	0.445514	0.00945514
pT	619.358887	0.000000	0.446349	0.00946349
pT	620.950293	0.000000	0.446592	0.00946592
pT	622.541553	0.000000	0.447405	0.00947405
pT	624.132764	0.000000	0.447691	0.00947691
pT	625.723926	0.000000	0.447311	0.00947311
pT	627.314990	0.000000	0.448183	0.00948183
pT	628.905957	0.000000	0.447443	0.00947443
pT	630.496826	0.000000	0.448471	0.00948471
pT	632.087646	0.000000	0.449565	0.00949565
pT	633.678418	0.000000	0.448136	0.00948136
pT	635.269092	0.000000	0.449691	0.00949691
pT	636.859668	0.000000	0.451434	0.00951434
pT	638.450146	0.000000	0.449633	0.00949633
pT	640.040576	0.000000	0.451468	0.00951468
pT	641.630908	0.000000	0.451223	0.00951223
pT	643.221143	0.000000	0.451824	0.00951824
pT	644.811328	0.000000	0.451528	0.00951528
pT	646.401367	0.000000	0.451811	0.00951811
pT	647.991357	0.000000	0.454322	0.00954322
pT	649.581299	0.000000	0.452474	0.00952474
pT	651.171094	0.000000	0.454521	0.00954521
pT	652.760840	0.000000	0.45382	0.0095382
pT	654.350488	0.000000	0.456231	0.00956231
pT	655.940039	0.000000	0.456675	0.00956675
pT	657.529541	0.000000	0.457413	0.00957413
pT	659.118896	0.000000	0.457057	0.00957057
pT	660.708203	0.000000	0.457925	0.00957925
pT	662.297412	0.000000	0.456577	0.00956577
pT	663.886523	0.000000	0.457931	0.00957931
pT	665.475537	0.000000	0.458401	0.00958401
pT	667.064453	0.000000	0.458175	0.00958175
pT	668.653320	0.000000	0.45762	0.0095762
pT	670.242041	0.000000	0.458837	0.00958837
pT	671.830713	0.000000	0.459563	0.00959563
pT	673.419238	0.000000	0.460217	0.00960217
pT	675.007715	0.000000	0.46137	0.0096137
pT	676.596094	0.000000	0.460928	0.00960928
pT	678.184375	0.000000	0.462269	0.00962269
pT	679.772510	0.000000	0.460536	0.00960536
pT	681.360596	0.000000	0.462267	0.00962267
pT	682.948584	0.000000	0.463176	0.00963176
pT	684.536475	0.000000	0.463516	0.00963516
pT	686.124268	0.000000	0.463843	0.00963843
pT	687.711963	0.000000	0.464507	0.00964507
pT	689.299512	0.000000	0.463407	0.00963407
pT	690.887012	0.000000	0.4634	0.009634
pT	692.474414	0.000000	0.464702	0.00964702
pT	694.061670	0.000000	0.463736	0.00963736
pT	695.648877	0.000000	0.465374	0.00965374
pT	697.235938	0.000000	0.465091	0.00965091
pT	698.822949	0.000000	0.464489	0.00964489
pT	700.409814	0.000000	0.46514	0.0096514
pT	701.996582	0.000000	0.464541	0.00964541
pT	703.583252	0.000000	0.463837	0.00963837
pT	705.169824	0.000000	0.467794	0.00967794
pT	706.756250	0.000000	0.467247	0.00967247
pT	708.342627	0.000000	0.465684	0.00965684
pT	709.928857	0.000000	0.467537	0.00967537
pT	711.514990	0.000000	0.4673	0.009673
pT	713.101025	0.000000	0.466765	0.00966765
pT	714.686963	0.000000	0.468287	0.00968288
pT	716.272754	0.000000	0.467871	0.00967871
pT	717.858447	0.000000	0.468496	0.00968496
pT	719.444043	0.000000	0.470705	0.00970705
pT	721.029541	0.000000	0.470127	0.00970127
pT	722.614893	0.000000	0.470869	0.00970869
pT	724.200195	0.000000	0.469997	0.00969997
pT	725.785303	0.000000	0.471148	0.00971148
pT	727.370361	0.000000	0.471719	0.00971719
pT	728.955273	0.000000	0.474355	0.00974355
pT	730.540088	0.000000	0.471139	0.00971139
pT	732.124805	0.000000	0.470762	0.00970762
pT	733.709375	0.000000	0.472738	0.00972738
pT	735.293848	0.000000	0.470732	0.00970731
pT	736.878174	0.000000	0.473404	0.00973404
pT	738.462402	0.000000	0.477703	0.00977703
pT	740.046533	0.000000	0.473542	0.00973542
pT	741.630518	0.000000	0.473327	0.00973327
pT	743.214404	0.000000	0.472984	0.00972984
pT	744.798145	0.000000	0.474966	0.00974966
pT	746.381787	0.000000	0.472738	0.00972738
pT	747.965332	0.000000	0.474414	0.00974414
pT	749.548730	0.000000	0.475515	0.00975515
pT	751.131982	0.000000	0.47625	0.0097625
pT	752.715137	0.000000	0.476567	0.00976567
pT	754.298193	0.000000	0.477847	0.00977847
pT	755.881104	0.000000	0.47738	0.0097738
pT	757.463867	0.000000	0.480275	0.00980275
pT	759.046533	0.000000	0.477434	0.00977434
pT	760.629102	0.000000	0.480266	0.00980266
pT	762.211523	0.000000	0.480703	0.00980703
pT	763.793799	0.000000	0.478404	0.00978404
pT	765.375977	0.000000	0.478117	0.00978117
pT	766.958008	0.000000	0.47635	0.0097635
pT	768.539941	0.000000	0.478328	0.00978328
pT	770.121729	0.000000	0.477051	0.00977051
pT	771.703369	0.000000	0.477819	0.00977819
pT	773.284912	0.000000	0.478478	0.00978478
pT	774.866309	0.000000	0.480953	0.00980953
pT	776.447559	0.000000	0.482193	0.00982193
pT	778.028711	0.000000	0.479964	0.00979964
pT	779.609717	0.000000	0.479172	0.00979172
pT	781.190576	0.000000	0.480188	0.00980188
pT	782.771338	0.000000	0.479662	0.00979662
pT	784.351953	0.000000	0.480119	0.00980119
pT	785.932422	0.000000	0.484318	0.00984318
pT	787.512793	0.000000	0.479061	0.00979061
pT	789.093018	0.000000	0.479324	0.00979324
pT	790.673096	0.000000	0.482883	0.00982883
pT	792.253027	0.000000	0.482976	0.00982976
pT	793.832813	0.000000	0.480173	0.00980173
pT	795.412500	0.000000	0.485179	0.00985179
pT	796.992041	0.000000	0.483507	0.00983507
pT	798.571436	0.000000	0.483116	0.00983116
pT	800.150684	0.000000	0.48582	0.0098582
pT	801.729785	0.000000	0.485214	0.00985214
pT	803.308789	0.000000	0.486554	0.00986554
pT	804.887646	0.000000	0.486122	0.00986122
pT	806.466309	0.000000	0.48346	0.0098346
pT	808.044873	0.000000	0.483448	0.00983448
pT	809.623291	0.000000	0.484904	0.00984904
pT	811.201611	0.000000	0.483029	0.00983028
pT	812.779736	0.000000	0.485052	0.00985052
pT	814.357715	0.000000	0.488235	0.00988235
pT	815.935547	0.000000	0.486561	0.00986561
pT	817.513281	0.000000	0.487671	0.00987671
pT	819.090820	0.000000	0.487799	0.00987799
pT	820.668262	0.000000	0.486447	0.00986447
pT	822.245508	0.000000	0.486913	0.00986913
pT	823.822656	0.000000	0.485684	0.00985684
pT	825.399609	0.000000	0.486781	0.00986781
pT	826.976465	0.000000	0.489986	0.00989986
pT	828.553125	0.000000	0.486964	0.00986964
pT	830.129688	0.000000	0.488128	0.00988128
pT	831.706055	0.000000	0.490599	0.00990599
pT	833.282324	0.000000	0.49232	0.0099232
pT	834.858398	0.000000	0.492317	0.00992317
pT	836.434277	0.000000	0.488822	0.00988822
pT	838.010059	0.000000	0.489204	0.00989204
pT	839.585742	0.000000	0.488936	0.00988936
pT	841.161230	0.000000	0.489239	0.00989239
pT	842.736523	0.000000	0.491168	0.00991168
pT	844.311719	0.000000	0.490453	0.00990453
pT	845.886719	0.000000	0.491244	0.00991244
pT	847.461621	0.000000	0.491386	0.00991386
pT	849.036328	0.000000	0.494665	0.00994665
pT	850.610840	0.000000	0.492359	0.00992359
pT	852.185254	0.000000	0.493499	0.00993499
pT	853.759473	0.000000	0.490228	0.00990228
pT	855.333594	0.000000	0.493521	0.00993521
pT	856.907520	0.000000	0.494513	0.00994513
pT	858.481250	0.000000	0.491625	0.00991625
pT	860.054883	0.000000	0.493286	0.00993286
pT	861.628320	0.000000	0.494679	0.00994679
pT	863.201563	0.000000	0.495572	0.00995572
pT	864.774707	0.000000	0.495445	0.00995445
pT	866.347656	0.000000	0.495521	0.00995521
pT	867.920508	0.000000	0.496455	0.00996455
pT	869.493164	0.000000	0.494745	0.00994745
pT	871.065625	0.000000	0.496896	0.00996896
pT	872.637988	0.000000	0.496444	0.00996444
pT	874.210156	0.000000	0.495839	0.00995839
pT	875.782129	0.000000	0.492858	0.00992858
pT	877.353906	0.000000	0.496396	0.00996397
pT	878.925586	0.000000	0.496485	0.00996485
pT	880.497070	0.000000	0.493993	0.00993993
pT	882.068359	0.000000	0.498238	0.00998238
pT	883.639551	0.000000	0.497155	0.00997155
pT	885.210547	0.000000	0.494532	0.00994532
pT	886.781348	0.000000	0.496506	0.00996506
pT	888.352051	0.000000	0.496343	0.00996342
pT	889.922559	0.000000	0.498405	0.00998405
pT	891.492871	0.000000	0.495685	0.00995685
pT	893.062988	0.000000	0.495183	0.00995183
pT	894.633008	0.000000	0.497875	0.00997875
pT	896.202734	0.000000	0.496201	0.00996201
pT	897.772363	0.000000	0.496373	0.00996374
pT	899.341895	0.000000	0.499422	0.00999422
pT	900.911133	0.000000	0.498889	0.00998889
pT	902.480273	0.000000	0.500561	0.0100056
pT	904.049219	0.000000	0.499487	0.00999487
pT	905.617969	0.000000	0.500781	0.0100078
pT	907.186523	0.000000	0.497292	0.00997292
pT	908.754980	0.000000	0.497315	0.00997315
pT	910.323242	0.000000	0.503509	0.0100351
pT	911.891211	0.000000	0.501686	0.0100169
pT	913.459180	0.000000	0.499056	0.00999056
pT	915.026855	0.000000	0.500692	0.0100069
pT	916.594336	0.000000	0.501915	0.0100191
pT	918.161719	0.000000	0.49881	0.0099881
pT	919.728906	0.000000	0.500166	0.0100017
pT	921.295898	0.000000	0.498891	0.00998891
pT	922.862695	0.000000	0.503333	0.0100333
pT	924.429297	0.000000	0.499154	0.00999154
pT	925.995703	0.000000	0.503521	0.0100352
pT	927.562012	0.000000	0.499203	0.00999203
pT	929.128027	0.000000	0.500941	0.0100094
pT	930.693945	0.000000	0.496902	0.00996902
pT	932.259668	0.000000	0.499389	0.00999389
pT	933.825195	0.000000	0.499328	0.00999328
pT	935.390527	0.000000	0.502918	0.0100292
pT	936.955664	0.000000	0.507767	0.0100777
pT	938.520605	0.000000	0.506851	0.0100685
pT	940.085449	0.000000	0.506685	0.0100668
pT	941.650000	0.000000	0.503012	0.0100301
pT	943.214453	0.000000	0.496671	0.00996671
pT	944.778613	0.000000	0.50326	0.0100326
pT	946.342676	0.000000	0.509943	0.0100994
pT	947.906543	0.000000	0.502328	0.0100233
pT	949.470117	0.000000	0.510163	0.0101016
pT	951.033594	0.000000	0.505262	0.0100526
pT	952.596875	0.000000	0.504898	0.010049
pT	954.159961	0.000000	0.500159	0.0100016
pT	955.722852	0.000000	0.50606	0.0100606
pT	957.285547	0.000000	0.509112	0.0100911
pT	958.847949	0.000000	0.502341	0.0100234
pT	960.410254	0.000000	0.504442	0.0100444
pT	961.972363	0.000000	0.505027	0.0100503
pT	963.534277	0.000000	0.500542	0.0100054
pT	965.095996	0.000000	0.503622	0.0100362
pT	966.657520	0.000000	0.501655	0.0100165
pT	968.218848	0.000000	0.50394	0.0100394
pT	969.779980	0.000000	0.506425	0.0100643
pT	971.340918	0.000000	0.507004	0.01007
pT	972.901660	0.000000	0.508667	0.0100867
pT	974.462207	0.000000	0.512965	0.0101297
pT	976.022461	0.000000	0.512868	0.0101287
pT	977.582617	0.000000	0.511294	0.0101129
pT	979.142578	0.000000	0.505521	0.0100552
pT	980.702246	0.000000	0.514713	0.0101471
pT	982.261816	0.000000	0.51262	0.0101262
pT	983.821094	0.000000	0.510772	0.0101077
pT	985.380273	0.000000	0.514479	0.0101448
pT	986.939160	0.000000	0.510647	0.0101065
pT	988.497852	0.000000	0.519617	0.0101962
pT	990.056348	0.000000	0.515027	0.0101503
pT	991.614648	0.000000	0.509184	0.0100918
pT	993.172754	0.000000	0.520751	0.0102075
pT	994.730664	0.000000	0.511493	0.0101149
pT	996.288379	0.000000	0.513531	0.0101353
pT	997.845801	0.000000	0.515366	0.0101537
pT	999.403125	0.000000	0.510335	0.0101033