0	0	21.000	2998.000	0.007
0	50	21.000	3011.000	0.007
0	100	30.000	2909.000	0.010
0	150	30.000	2697.000	0.011
0	200	22.000	2682.000	0.008
0	250	37.000	2458.000	0.015
0	300	28.000	2623.000	0.011
0	350	26.000	2514.000	0.010
0	400	29.000	2811.000	0.010
0	450	29.000	2882.000	0.010
0	500	29.000	2925.000	0.010
0	550	35.000	2824.000	0.012
0	600	22.000	2722.000	0.008
0	650	24.000	3078.000	0.008
0	700	33.000	2832.000	0.012
0	750	27.000	2983.000	0.009
0	800	42.000	2768.000	0.015
0	850	41.000	2998.000	0.014
0	900	34.000	3107.000	0.011
0	950	33.000	3115.000	0.011
0	1000	47.000	2814.000	0.017
0	1050	29.000	3031.000	0.010
0	1100	40.000	3566.000	0.011
0	1150	31.000	4111.000	0.008
0	1200	30.000	2833.000	0.011
0	1250	45.000	2875.000	0.016
0	1300	42.000	2792.000	0.015
0	1350	44.000	2467.000	0.018
0	1400	40.000	2697.000	0.015
0	1450	40.000	2794.000	0.014
0	1500	45.000	3100.000	0.015
0	1550	51.000	2945.000	0.017
0	1600	44.000	3155.000	0.014
0	1650	44.000	3358.000	0.013
0	1700	35.000	3291.000	0.011
0	1750	91.000	3093.000	0.029
0	1800	72.000	3124.000	0.023
0	1850	67.000	2647.000	0.025
0	1900	50.000	3237.000	0.015
0	1950	62.000	2869.000	0.022
0	2000	43.000	2875.000	0.015
0	2050	31.000	2547.000	0.012
0	2100	38.000	2657.000	0.014
0	2150	34.000	2832.000	0.012
0	2200	34.000	2917.000	0.012
0	2250	39.000	2749.000	0.014
0	2300	39.000	3071.000	0.013
0	2350	33.000	2785.000	0.012
0	2400	37.000	3101.000	0.012
0	2450	43.000	3206.000	0.013
0	2500	43.000	3200.000	0.013
0	2550	45.000	3126.000	0.014
0	2600	31.000	3341.000	0.009
0	2650	36.000	3191.000	0.011
0	2700	21.000	2673.000	0.008
0	2750	0.000	31.000	0.000
0	2800	31.000	2916.000	0.011
0	2850	43.000	2775.000	0.015
0	2900	21.000	3043.000	0.007
0	2950	37.000	2794.000	0.013
0	3000	29.000	2669.000	0.011
0	3050	28.000	2612.000	0.011
0	3100	28.000	3222.000	0.009
0	3150	33.000	3204.000	0.010
0	3200	28.000	3474.000	0.008
0	3250	28.000	3133.000	0.009
0	3300	18.000	3189.000	0.006
				
				
				
				
				
				
				
				
				
				
				
				
				
				
				
				
				
				
				
				
				
				
				
				
				
				
				
				
				
				
				
				
				
				
				
				
				
				
				
				
				
				
				
				
				
				
				
				
				
				
				
				
				
				
				
				
				
				
				
				
				
				
				
				
				
				
				
				
				
				
				
				
				
				
				
				
				
				
				
				
				
				
				
				
				
				
				
				
				
				
				
				
				
				
				
				
				
				
				
				
				
				
				
				
				
				
				
				
				
				
				
				
				
				
				
				
				
				
				
				
				
				
				
				
				
				
				
				
				
				
				
				
				
				
				
				
				
				
				
				
				
				
				
				
				
				
				
				
				
				
				
				
				
				
				
				
				
				
				
				
				
				
				
				
				
				
				
				
				
				
				
				
				
				
				
				
				
				
				
				
				
				
				
				
				
				
				
				
				
				
				
				
				
				
				
				
				
				
				
				
				
				
				
				
				
				
				
				
				
				
				
				
				
				
				
				
				
				
				
				
				
				
				
				
				
				
				
				
				
				
				
				
				
				
				
				
				
				
				
				
				
				
				
				
				
				
				
				
				
				
				
				
				
				
				
				
				
				
				
				
				
				
				
				
				
				
				
				
				
				
				
				
				
				
				
				
				
				
				
				
				
				
				
				
				
				
				
				
				
				
				
				
				
				
				
				
				
				
				
				
				
				
				
				
				
				
				
				
				
				
				
				
				
				
				
				
				
				
				
				
				
				
				
				
				
				
				
				
				
				
				
				
				
				
				
				
				
				
				
				
				
				
				
				
				
				
				
				
				
				
				
				
				
				
				
				
				
				
				
				
				
				
				
				
				
				
				
				
				
				
				
				
				
				
				
				
				
				
				
				
				
				
				
				
				
				
				
				
				
				
				
				
				
				
				
				
				
				
				
				
				
				
				
				
				
				
				
				
				
				
				
				
				
				
				
				
				
				
				
				
				
				
				
				
				
				
				
				
				
				
				
				
				
				
				
				
				
				
				
				
				
				
				
				
				
				
				
				
				
				
				
				
				
				
				
				
				
				
				
				
				
				
				
				
				
				
				
				
				
				
				
				
				
				
				
				
				
				
				
				
				
				
				
				
				
				
				
				
				
				
				
				
				
				
				
				
				
				
				
				
				
				
				
				
				
				
				
				
				
				
				
				
				
				
				
				
				
				
				
				
				
				
				
				
				
				
				
				
				
				
				
				
				
				
				
				
				
				
				
				
				
				
				
				
				
				
				
				
				
				
				
				
				
				
				
				
				
				
				
				
				
				
				
				
				
				
				
				
				
				
				
				
				
				
				
				
				
				
				
				
				
				
				
				
				
				
				
				
				
				
				
				
				
				
				
				
				
				
				
				
				
				
				
				
				
				
				
				
				
				
				
				
				
				
				
				
				
				
				
				
				
				
				
				
				
				
				
				
				
				
				
				
				
				
				
				
				
				
				
				
				
				
				
				
				
				
				
				
				
				
				
				
				
				
				
				
				
				
				
				
				
				
				
				
				
				
				
				
				
				
				
				
				
				
				
				
				
				
				
				
				
				
				
				
				
				
				
				
				
				
				
				
				
				
				
				
				
				
				
				
				
				
				
				
				
				
				
				
				
				
				
				
				
				
				
				
				
				
				
				
				
				
				
				
				
				
				
				
				
				
				
				
				
				
				
				
				
				
				
				
				
				
				
				
				
				
				
				
				
				
				
				
				
				
				
				
				
				
				
				
				
				
				
				
				
				
				
				
				
				
				
				
				
				
				
				
				
				
				
				
				
				
				
				
				
				
				
				
				
				
				
				
				
				
				
				
				
				
				
				
				
				
				
				
				
				
				
				
				
				
				
				
				
				
				
				
				
				
				
				
				
				
				
				
				
				
				
				
				
				
				
				
				
				
				
				
				
				
				
				
				
				
				
				
				
				
				
				
				
				
				
				
				
				
				
				
				
				
				
				
				
				
				
				
				
				
				
				
				
				
				
				
				
				
				
				
				
				
				
				
				
				
				
				
				
				
				
				
				
				
				
				
				
				
				
				
				
				
				
				
				
				
				
				
				
				
				
				
				
				
				
				
				
				
				
				
				
				
				
				
				
				
				
				
				
				
				
				
				
				
				
				
				
