0	0	1.000	565.000	0.002
0	50	15.000	1641.000	0.009
0	100	25.000	4354.000	0.006
0	150	26.000	2951.000	0.009
0	200	25.000	3057.000	0.008
0	250	26.000	2950.000	0.009
0	300	17.000	3115.000	0.005
0	350	16.000	2963.000	0.005
0	400	27.000	2910.000	0.009
0	450	24.000	3054.000	0.008
0	500	28.000	3079.000	0.009
0	550	29.000	2958.000	0.010
0	600	31.000	3051.000	0.010
0	650	15.000	3114.000	0.005
0	700	31.000	3046.000	0.010
0	750	29.000	3122.000	0.009
0	800	28.000	3065.000	0.009
0	850	42.000	3042.000	0.014
0	900	31.000	3045.000	0.010
0	950	30.000	2983.000	0.010
0	1000	22.000	2905.000	0.008
0	1050	32.000	2946.000	0.011
0	1100	36.000	3049.000	0.012
0	1150	33.000	3003.000	0.011
0	1200	39.000	3211.000	0.012
0	1250	36.000	3152.000	0.011
0	1300	34.000	3090.000	0.011
0	1350	36.000	3100.000	0.012
0	1400	39.000	3064.000	0.013
0	1450	42.000	3081.000	0.014
0	1500	42.000	3064.000	0.014
0	1550	31.000	3059.000	0.010
0	1600	31.000	3089.000	0.010
0	1650	50.000	3082.000	0.016
0	1700	55.000	3064.000	0.018
0	1750	72.000	3113.000	0.023
0	1800	60.000	3030.000	0.020
0	1850	52.000	2975.000	0.017
0	1900	126.000	2985.000	0.042
0	1950	222.000	3006.000	0.074
0	2000	106.000	2928.000	0.036
0	2050	63.000	3021.000	0.021
0	2100	62.000	2992.000	0.021
0	2150	85.000	2898.000	0.029
0	2200	92.000	3024.000	0.030
0	2250	120.000	3089.000	0.039
0	2300	187.000	3088.000	0.061
0	2350	43.000	3117.000	0.014
0	2400	1255.000	3031.000	0.414
0	2450	285.000	3112.000	0.092
0	2500	533.000	3050.000	0.175
0	2550	55.000	3084.000	0.018
0	2600	79.000	3010.000	0.026
0	2650	48.000	3057.000	0.016
0	2700	62.000	3118.000	0.020
0	2750	63.000	2971.000	0.021
0	2800	47.000	3046.000	0.015
0	2850	46.000	3065.000	0.015
0	2900	48.000	3179.000	0.015
0	2950	38.000	3230.000	0.012
0	3000	38.000	3167.000	0.012
0	3050	50.000	3196.000	0.016
0	3100	46.000	3228.000	0.014
0	3150	48.000	3033.000	0.016
0	3200	49.000	2982.000	0.016
0	3250	52.000	3179.000	0.016
0	3300	58.000	3191.000	0.018
0	3350	40.000	3110.000	0.013
0	3400	46.000	3075.000	0.015
0	3450	51.000	3025.000	0.017
0	3500	45.000	3126.000	0.014
0	3550	32.000	3105.000	0.010
0	3600	44.000	3170.000	0.014
0	3650	57.000	3161.000	0.018
0	3700	48.000	3132.000	0.015
0	3750	42.000	3328.000	0.013
0	3800	42.000	3078.000	0.014
0	3850	40.000	2897.000	0.014
0	3900	33.000	3046.000	0.011
0	3950	40.000	2898.000	0.014
0	4000	42.000	3044.000	0.014
				
				
				
				
				
				
				
				
				
				
				
				
				
				
				
				
				
				
				
				
				
				
				
				
				
				
				
				
				
				
				
				
				
				
				
				
				
				
				
				
				
				
				
				
				
				
				
				
				
				
				
				
				
				
				
				
				
				
				
				
				
				
				
				
				
				
				
				
				
				
				
				
				
				
				
				
				
				
				
				
				
				
				
				
				
				
				
				
				
				
				
				
				
				
				
				
				
				
				
				
				
				
				
				
				
				
				
				
				
				
				
				
				
				
				
				
				
				
				
				
				
				
				
				
				
				
				
				
				
				
				
				
				
				
				
				
				
				
				
				
				
				
				
				
				
				
				
				
				
				
				
				
				
				
				
				
				
				
				
				
				
				
				
				
				
				
				
				
				
				
				
				
				
				
				
				
				
				
				
				
				
				
				
				
				
				
				
				
				
				
				
				
				
				
				
				
				
				
				
				
				
				
				
				
				
				
				
				
				
				
				
				
				
				
				
				
				
				
				
				
				
				
				
				
				
				
				
				
				
				
				
				
				
				
				
				
				
				
				
				
				
				
				
				
				
				
				
				
				
				
				
				
				
				
				
				
				
				
				
				
				
				
				
				
				
				
				
				
				
				
				
				
				
				
				
				
				
				
				
				
				
				
				
				
				
				
				
				
				
				
				
				
				
				
				
				
				
				
				
				
				
				
				
				
				
				
				
				
				
				
				
				
				
				
				
				
				
				
				
				
				
				
				
				
				
				
				
				
				
				
				
				
				
				
				
				
				
				
				
				
				
				
				
				
				
				
				
				
				
				
				
				
				
				
				
				
				
				
				
				
				
				
				
				
				
				
				
				
				
				
				
				
				
				
				
				
				
				
				
				
				
				
				
				
				
				
				
				
				
				
				
				
				
				
				
				
				
				
				
				
				
				
				
				
				
				
				
				
				
				
				
				
				
				
				
				
				
				
				
				
				
				
				
				
				
				
				
				
				
				
				
				
				
				
				
				
				
				
				
				
				
				
				
				
				
				
				
				
				
				
				
				
				
				
				
				
				
				
				
				
				
				
				
				
				
				
				
				
				
				
				
				
				
				
				
				
				
				
				
				
				
				
				
				
				
				
				
				
				
				
				
				
				
				
				
				
				
				
				
				
				
				
				
				
				
				
				
				
				
				
				
				
				
				
				
				
				
				
				
				
				
				
				
				
				
				
				
				
				
				
				
				
				
				
				
				
				
				
				
				
				
				
				
				
				
				
				
				
				
				
				
				
				
				
				
				
				
				
				
				
				
				
				
				
				
				
				
				
				
				
				
				
				
				
				
				
				
				
				
				
				
				
				
				
				
				
				
				
				
				
				
				
				
				
				
				
				
				
				
				
				
				
				
				
				
				
				
				
				
				
				
				
				
				
				
				
				
				
				
				
				
				
				
				
				
				
				
				
				
				
				
				
				
				
				
				
				
				
				
				
				
				
				
				
				
				
				
				
				
				
				
				
				
				
				
				
				
				
				
				
				
				
				
				
				
				
				
				
				
				
				
				
				
				
				
				
				
				
				
				
				
				
				
				
				
				
				
				
				
				
				
				
				
				
				
				
				
				
				
				
				
				
				
				
				
				
				
				
				
				
				
				
				
				
				
				
				
				
				
				
				
				
				
				
				
				
				
				
				
				
				
				
				
				
				
				
				
				
				
				
				
				
				
				
				
				
				
				
				
				
				
				
				
				
				
				
				
				
				
				
				
				
				
				
				
				
				
				
				
				
				
				
				
				
				
				
				
				
				
				
				
				
				
				
				
				
				
				
				
				
				
				
				
				
				
				
				
				
				
				
				
				
				
				
				
				
				
				
				
				
				
				
				
				
				
				
				
				
				
				
				
				
				
				
				
				
				
				
				
				
				
				
				
				
				
				
				
				
				
				
				
				
				
				
				
				
				
				
				
				
				
				
				
				
				
				
				
				
				
				
				
				
				
				
				
				
				
				
				
				
				
				
				
				
				
				
				
				
				
				
				
				
				
				
				
				
				
				
				
				
				
				
				
				
				
				
				
				
				
				
				
				
				
				
				
				
				
				
				
				
				
				
				
				
				
				
				
				
				
