0	0	0.000	0.000	NaN
0	50	17.000	1626.000	0.010
0	100	10.000	1905.000	0.005
0	150	12.000	1668.000	0.007
0	200	13.000	1786.000	0.007
0	250	13.000	1782.000	0.007
0	300	14.000	1424.000	0.010
0	350	15.000	1615.000	0.009
0	400	17.000	407.000	0.042
0	450	10.000	1628.000	0.006
0	500	8.000	1727.000	0.005
0	550	16.000	1940.000	0.008
0	600	22.000	1881.000	0.012
0	650	20.000	1907.000	0.010
0	700	19.000	1863.000	0.010
0	750	24.000	1789.000	0.013
0	800	25.000	1786.000	0.014
0	850	23.000	1940.000	0.012
0	900	18.000	1858.000	0.010
0	950	20.000	1855.000	0.011
0	1000	22.000	1741.000	0.013
0	1050	26.000	1923.000	0.014
0	1100	25.000	1758.000	0.014
0	1150	17.000	1675.000	0.010
0	1200	15.000	1855.000	0.008
0	1250	19.000	1852.000	0.010
0	1300	31.000	1724.000	0.018
0	1350	28.000	1852.000	0.015
0	1400	26.000	1815.000	0.014
0	1450	32.000	1828.000	0.018
0	1500	32.000	1865.000	0.017
0	1550	20.000	1919.000	0.010
0	1600	32.000	1817.000	0.018
0	1650	33.000	1908.000	0.017
0	1700	23.000	1873.000	0.012
0	1750	38.000	1844.000	0.021
0	1800	37.000	1963.000	0.019
0	1850	22.000	1744.000	0.013
0	1900	25.000	1758.000	0.014
0	1950	46.000	1910.000	0.024
0	2000	38.000	1865.000	0.020
0	2050	31.000	1902.000	0.016
0	2100	35.000	1871.000	0.019
0	2150	38.000	1715.000	0.022
0	2200	35.000	1857.000	0.019
0	2250	37.000	1737.000	0.021
0	2300	43.000	1948.000	0.022
0	2350	27.000	1775.000	0.015
0	2400	38.000	1790.000	0.021
0	2450	27.000	1816.000	0.015
0	2500	35.000	1815.000	0.019
0	2550	35.000	2030.000	0.017
0	2600	39.000	2520.000	0.015
0	2650	35.000	2227.000	0.016
0	2750	38.000	2147.000	0.018
0	2850	45.000	2329.000	0.019
0	2950	50.000	1994.000	0.025
0	3050	45.000	1838.000	0.024
0	3150	45.000	1853.000	0.024
0	3250	51.000	1883.000	0.027
0	3350	53.000	1839.000	0.029
				
				
				
				
				
				
				
				
				
				
				
				
				
				
				
				
				
				
				
				
				
				
				
				
				
				
				
				
				
				
				
				
				
				
				
				
				
				
				
				
				
				
				
				
				
				
				
				
				
				
				
				
				
				
				
				
				
				
				
				
				
				
				
				
				
				
				
				
				
				
				
				
				
				
				
				
				
				
				
				
				
				
				
				
				
				
				
				
				
				
				
				
				
				
				
				
				
				
				
				
				
				
				
				
				
				
				
				
				
				
				
				
				
				
				
				
				
				
				
				
				
				
				
				
				
				
				
				
				
				
				
				
				
				
				
				
				
				
				
				
				
				
				
				
				
				
				
				
				
				
				
				
				
				
				
				
				
				
				
				
				
				
				
				
				
				
				
				
				
				
				
				
				
				
				
				
				
				
				
				
				
				
				
				
				
				
				
				
				
				
				
				
				
				
				
				
				
				
				
				
				
				
				
				
				
				
				
				
				
				
				
				
				
				
				
				
				
				
				
				
				
				
				
				
				
				
				
				
				
				
				
				
				
				
				
				
				
				
				
				
				
				
				
				
				
				
				
				
				
				
				
				
				
				
				
				
				
				
				
				
				
				
				
				
				
				
				
				
				
				
				
				
				
				
				
				
				
				
				
				
				
				
				
				
				
				
				
				
				
				
				
				
				
				
				
				
				
				
				
				
				
				
				
				
				
				
				
				
				
				
				
				
				
				
				
				
				
				
				
				
				
				
				
				
				
				
				
				
				
				
				
				
				
				
				
				
				
				
				
				
				
				
				
				
				
				
				
				
				
				
				
				
				
				
				
				
				
				
				
				
				
				
				
				
				
				
				
				
				
				
				
				
				
				
				
				
				
				
				
				
				
				
				
				
				
				
				
				
				
				
				
				
				
				
				
				
				
				
				
				
				
				
				
				
				
				
				
				
				
				
				
				
				
				
				
				
				
				
				
				
				
				
				
				
				
				
				
				
				
				
				
				
				
				
				
				
				
				
				
				
				
				
				
				
				
				
				
				
				
				
				
				
				
				
				
				
				
				
				
				
				
				
				
				
				
				
				
				
				
				
				
				
				
				
				
				
				
				
				
				
				
				
				
				
				
				
				
				
				
				
				
				
				
				
				
				
				
				
				
				
				
				
				
				
				
				
				
				
				
				
				
				
				
				
				
				
				
				
				
				
				
				
				
				
				
				
				
				
				
				
				
				
				
				
				
				
				
				
				
				
				
				
				
				
				
				
				
				
				
				
				
				
				
				
				
				
				
				
				
				
				
				
				
				
				
				
				
				
				
				
				
				
				
				
				
				
				
				
				
				
				
				
				
				
				
				
				
				
				
				
				
				
				
				
				
				
				
				
				
				
				
				
				
				
				
				
				
				
				
				
				
				
				
				
				
				
				
				
				
				
				
				
				
				
				
				
				
				
				
				
				
				
				
				
				
				
				
				
				
				
				
				
				
				
				
				
				
				
				
				
				
				
				
				
				
				
				
				
				
				
				
				
				
				
				
				
				
				
				
				
				
				
				
				
				
				
				
				
				
				
				
				
				
				
				
				
				
				
				
				
				
				
				
				
				
				
				
				
				
				
				
				
				
				
				
				
				
				
				
				
				
				
				
				
				
				
				
				
				
				
				
				
				
				
				
				
				
				
				
				
				
				
				
				
				
				
				
				
				
				
				
				
				
				
				
				
				
				
				
				
				
				
				
				
				
				
				
				
				
				
				
				
				
				
				
				
				
				
				
				
				
				
				
				
				
				
				
				
				
				
				
				
				
				
				
				
				
				
				
				
				
				
				
				
				
				
				
				
				
				
				
				
				
				
				
				
				
				
				
				
				
				
				
				
				
				
				
				
				
				
				
				
				
				
				
				
				
				
				
				
				
				
				
				
				
				
				
				
				
				
				
				
				
				
				
				
				
				
				
				
				
				
				
				
				
				
				
				
				
				
				
				
				
				
				
				
				
				
				
				
				
				
				
				
				
				
				
				
				
				
				
				
				
				
				
				
				
				
				
				
				
				
				
				
				
				
				
				
				
				
				
				
				
				
				
				
				
				
				
				
				
				
				
				
				
				
				
				
				
				
				
				
				
				
				
				
				
				
				
				
				
				
				
				
				
				
				
				
				
