0	0	30.000	5191.000	0.006
0	50	37.000	4090.000	0.009
0	100	38.000	2875.000	0.013
0	150	19.000	2979.000	0.006
0	200	27.000	3125.000	0.009
0	250	29.000	2915.000	0.010
0	300	34.000	3138.000	0.011
0	350	35.000	3143.000	0.011
0	400	34.000	3055.000	0.011
0	450	36.000	3072.000	0.012
0	500	37.000	3046.000	0.012
0	550	27.000	2909.000	0.009
0	600	40.000	3128.000	0.013
0	650	38.000	3105.000	0.012
0	700	29.000	3169.000	0.009
0	750	29.000	2951.000	0.010
0	800	33.000	3214.000	0.010
0	850	47.000	3100.000	0.015
0	900	44.000	3192.000	0.014
0	950	31.000	3112.000	0.010
0	1000	47.000	3183.000	0.015
0	1050	41.000	3238.000	0.013
0	1100	45.000	3087.000	0.015
0	1150	54.000	3153.000	0.017
0	1200	38.000	3101.000	0.012
0	1250	46.000	3402.000	0.014
0	1300	34.000	3099.000	0.011
0	1350	183.000	3206.000	0.057
0	1400	789.000	2755.000	0.286
0	1450	455.000	2996.000	0.152
0	1500	511.000	3049.000	0.168
0	1550	242.000	2912.000	0.083
0	1600	773.000	2917.000	0.265
0	1650	247.000	3030.000	0.082
0	1700	328.000	2952.000	0.111
0	1750	468.000	3059.000	0.153
0	1800	98.000	2987.000	0.033
0	1850	446.000	2842.000	0.157
0	1900	507.000	3010.000	0.168
0	1950	3215.000	3201.000	1.004
0	2000	2606.000	3068.000	0.849
0	2050	2926.000	3063.000	0.955
0	2100	2521.000	2976.000	0.847
0	2150	2457.000	3118.000	0.788
0	2200	1517.000	2933.000	0.517
0	2250	1763.000	3142.000	0.561
0	2300	971.000	3146.000	0.309
0	2350	91.000	3133.000	0.029
0	2400	71.000	2899.000	0.024
0	2450	838.000	3105.000	0.270
0	2500	1116.000	2926.000	0.381
0	2550	44.000	3018.000	0.015
0	2600	45.000	3115.000	0.014
0	2650	41.000	3079.000	0.013
0	2700	57.000	3071.000	0.019
0	2750	41.000	3215.000	0.013
0	2800	30.000	3008.000	0.010
0	2850	38.000	3190.000	0.012
0	2900	32.000	2914.000	0.011
0	2950	25.000	3044.000	0.008
0	3000	31.000	3065.000	0.010
0	3050	32.000	3146.000	0.010
0	3100	35.000	2745.000	0.013
0	3150	36.000	3184.000	0.011
0	3200	42.000	2862.000	0.015
0	3250	27.000	3012.000	0.009
0	3300	36.000	3060.000	0.012
0	3350	16.000	3024.000	0.005
0	3400	22.000	2921.000	0.008
0	3450	22.000	3238.000	0.007
0	3500	24.000	3186.000	0.008
0	3550	29.000	3011.000	0.010
0	3600	16.000	2882.000	0.006
0	3650	10.000	2973.000	0.003
0	3700	14.000	3276.000	0.004
0	3750	16.000	3080.000	0.005
0	3800	12.000	2855.000	0.004
0	3850	14.000	3008.000	0.005
0	3900	9.000	2976.000	0.003
0	3950	15.000	3070.000	0.005
0	4000	14.000	3077.000	0.005
				
				
				
				
				
				
				
				
				
				
				
				
				
				
				
				
				
				
				
				
				
				
				
				
				
				
				
				
				
				
				
				
				
				
				
				
				
				
				
				
				
				
				
				
				
				
				
				
				
				
				
				
				
				
				
				
				
				
				
				
				
				
				
				
				
				
				
				
				
				
				
				
				
				
				
				
				
				
				
				
				
				
				
				
				
				
				
				
				
				
				
				
				
				
				
				
				
				
				
				
				
				
				
				
				
				
				
				
				
				
				
				
				
				
				
				
				
				
				
				
				
				
				
				
				
				
				
				
				
				
				
				
				
				
				
				
				
				
				
				
				
				
				
				
				
				
				
				
				
				
				
				
				
				
				
				
				
				
				
				
				
				
				
				
				
				
				
				
				
				
				
				
				
				
				
				
				
				
				
				
				
				
				
				
				
				
				
				
				
				
				
				
				
				
				
				
				
				
				
				
				
				
				
				
				
				
				
				
				
				
				
				
				
				
				
				
				
				
				
				
				
				
				
				
				
				
				
				
				
				
				
				
				
				
				
				
				
				
				
				
				
				
				
				
				
				
				
				
				
				
				
				
				
				
				
				
				
				
				
				
				
				
				
				
				
				
				
				
				
				
				
				
				
				
				
				
				
				
				
				
				
				
				
				
				
				
				
				
				
				
				
				
				
				
				
				
				
				
				
				
				
				
				
				
				
				
				
				
				
				
				
				
				
				
				
				
				
				
				
				
				
				
				
				
				
				
				
				
				
				
				
				
				
				
				
				
				
				
				
				
				
				
				
				
				
				
				
				
				
				
				
				
				
				
				
				
				
				
				
				
				
				
				
				
				
				
				
				
				
				
				
				
				
				
				
				
				
				
				
				
				
				
				
				
				
				
				
				
				
				
				
				
				
				
				
				
				
				
				
				
				
				
				
				
				
				
				
				
				
				
				
				
				
				
				
				
				
				
				
				
				
				
				
				
				
				
				
				
				
				
				
				
				
				
				
				
				
				
				
				
				
				
				
				
				
				
				
				
				
				
				
				
				
				
				
				
				
				
				
				
				
				
				
				
				
				
				
				
				
				
				
				
				
				
				
				
				
				
				
				
				
				
				
				
				
				
				
				
				
				
				
				
				
				
				
				
				
				
				
				
				
				
				
				
				
				
				
				
				
				
				
				
				
				
				
				
				
				
				
				
				
				
				
				
				
				
				
				
				
				
				
				
				
				
				
				
				
				
				
				
				
				
				
				
				
				
				
				
				
				
				
				
				
				
				
				
				
				
				
				
				
				
				
				
				
				
				
				
				
				
				
				
				
				
				
				
				
				
				
				
				
				
				
				
				
				
				
				
				
				
				
				
				
				
				
				
				
				
				
				
				
				
				
				
				
				
				
				
				
				
				
				
				
				
				
				
				
				
				
				
				
				
				
				
				
				
				
				
				
				
				
				
				
				
				
				
				
				
				
				
				
				
				
				
				
				
				
				
				
				
				
				
				
				
				
				
				
				
				
				
				
				
				
				
				
				
				
				
				
				
				
				
				
				
				
				
				
				
				
				
				
				
				
				
				
				
				
				
				
				
				
				
				
				
				
				
				
				
				
				
				
				
				
				
				
				
				
				
				
				
				
				
				
				
				
				
				
				
				
				
				
				
				
				
				
				
				
				
				
				
				
				
				
				
				
				
				
				
				
				
				
				
				
				
				
				
				
				
				
				
				
				
				
				
				
				
				
				
				
				
				
				
				
				
				
				
				
				
				
				
				
				
				
				
				
				
				
				
				
				
				
				
				
				
				
				
				
				
				
				
				
				
				
				
				
				
				
				
				
				
				
				
				
				
				
				
				
				
				
				
				
				
				
				
				
				
				
				
				
				
				
				
				
				
				
				
				
				
				
				
				
				
				
				
				
				
				
				
				
				
				
				
				
				
				
				
				
				
				
				
				
				
				
				
				
				
				
				
				
				
				
				
				
				
				
				
				
				
				
				
				
				
				
				
				
				
				
				
				
				
				
				
				
				
				
				
				
				
				
				
				
				
				
				
				
				
				
				
				
				
				
				
				
				
				
				
				
				
				
				
				
				
				
				
				
				
				
				
				
