0	0	1.000	3943.000	0.000
0	50	2.000	3702.000	0.001
0	100	4.000	2896.000	0.001
0	150	2.000	2977.000	0.001
0	200	4.000	2737.000	0.001
0	250	1.000	2716.000	0.000
0	300	2.000	2897.000	0.001
0	350	1.000	2942.000	0.000
0	400	0.000	2824.000	0.000
0	450	0.000	2959.000	0.000
0	500	2.000	2915.000	0.001
0	550	3.000	2911.000	0.001
0	600	2.000	2983.000	0.001
0	650	1.000	2779.000	0.000
0	700	1.000	2740.000	0.000
0	750	3.000	2720.000	0.001
0	800	0.000	2703.000	0.000
0	850	2.000	2788.000	0.001
0	900	1.000	2534.000	0.000
0	950	1.000	2775.000	0.000
0	1000	3.000	2810.000	0.001
0	1050	2.000	2901.000	0.001
0	1100	0.000	2737.000	0.000
0	1150	1.000	2799.000	0.000
0	1200	1.000	2961.000	0.000
0	1250	5.000	2800.000	0.002
0	1300	3.000	2794.000	0.001
0	1350	2.000	2763.000	0.001
0	1400	2.000	2989.000	0.001
0	1450	5.000	2900.000	0.002
0	1500	18.000	2988.000	0.006
0	1550	121.000	2692.000	0.045
0	1600	116.000	2598.000	0.045
0	1650	96.000	2777.000	0.035
0	1700	73.000	3044.000	0.024
0	1750	53.000	3061.000	0.017
0	1800	12.000	2839.000	0.004
0	1850	7.000	2847.000	0.002
0	1900	13.000	2741.000	0.005
0	1950	83.000	2965.000	0.028
0	2000	161.000	2822.000	0.057
0	2050	103.000	2831.000	0.036
0	2100	217.000	2821.000	0.077
0	2150	18.000	2969.000	0.006
0	2200	72.000	2896.000	0.025
0	2250	24.000	2690.000	0.009
0	2300	17.000	2878.000	0.006
0	2350	11.000	2830.000	0.004
0	2400	4.000	2969.000	0.001
0	2450	5.000	2742.000	0.002
0	2500	3.000	2866.000	0.001
0	2550	2.000	2942.000	0.001
0	2600	3.000	3007.000	0.001
0	2650	1.000	2954.000	0.000
0	2700	1.000	2880.000	0.000
0	2750	2.000	2914.000	0.001
0	2800	2.000	2931.000	0.001
0	2850	0.000	2771.000	0.000
0	2900	2.000	2771.000	0.001
0	2950	3.000	2971.000	0.001
0	3000	0.000	2.000	0.000
0	3050	0.000	2923.000	0.000
0	3100	3.000	2808.000	0.001
0	3150	1.000	3018.000	0.000
0	3200	3.000	2972.000	0.001
0	3250	3.000	3051.000	0.001
0	3300	1.000	2965.000	0.000
0	3350	3.000	2869.000	0.001
0	3400	1.000	2819.000	0.000
0	3450	1.000	2774.000	0.000
0	3500	1.000	2830.000	0.000
0	3550	1.000	3022.000	0.000
0	3600	3.000	2891.000	0.001
0	3650	2.000	2814.000	0.001
0	3700	3.000	2851.000	0.001
0	3750	2.000	2919.000	0.001
0	3800	3.000	3040.000	0.001
0	3850	2.000	3024.000	0.001
0	3900	2.000	2804.000	0.001
0	3950	1.000	2925.000	0.000
0	4000	0.000	2911.000	0.000
				
				
				
				
				
				
				
				
				
				
				
				
				
				
				
				
				
				
				
				
				
				
				
				
				
				
				
				
				
				
				
				
				
				
				
				
				
				
				
				
				
				
				
				
				
				
				
				
				
				
				
				
				
				
				
				
				
				
				
				
				
				
				
				
				
				
				
				
				
				
				
				
				
				
				
				
				
				
				
				
				
				
				
				
				
				
				
				
				
				
				
				
				
				
				
				
				
				
				
				
				
				
				
				
				
				
				
				
				
				
				
				
				
				
				
				
				
				
				
				
				
				
				
				
				
				
				
				
				
				
				
				
				
				
				
				
				
				
				
				
				
				
				
				
				
				
				
				
				
				
				
				
				
				
				
				
				
				
				
				
				
				
				
				
				
				
				
				
				
				
				
				
				
				
				
				
				
				
				
				
				
				
				
				
				
				
				
				
				
				
				
				
				
				
				
				
				
				
				
				
				
				
				
				
				
				
				
				
				
				
				
				
				
				
				
				
				
				
				
				
				
				
				
				
				
				
				
				
				
				
				
				
				
				
				
				
				
				
				
				
				
				
				
				
				
				
				
				
				
				
				
				
				
				
				
				
				
				
				
				
				
				
				
				
				
				
				
				
				
				
				
				
				
				
				
				
				
				
				
				
				
				
				
				
				
				
				
				
				
				
				
				
				
				
				
				
				
				
				
				
				
				
				
				
				
				
				
				
				
				
				
				
				
				
				
				
				
				
				
				
				
				
				
				
				
				
				
				
				
				
				
				
				
				
				
				
				
				
				
				
				
				
				
				
				
				
				
				
				
				
				
				
				
				
				
				
				
				
				
				
				
				
				
				
				
				
				
				
				
				
				
				
				
				
				
				
				
				
				
				
				
				
				
				
				
				
				
				
				
				
				
				
				
				
				
				
				
				
				
				
				
				
				
				
				
				
				
				
				
				
				
				
				
				
				
				
				
				
				
				
				
				
				
				
				
				
				
				
				
				
				
				
				
				
				
				
				
				
				
				
				
				
				
				
				
				
				
				
				
				
				
				
				
				
				
				
				
				
				
				
				
				
				
				
				
				
				
				
				
				
				
				
				
				
				
				
				
				
				
				
				
				
				
				
				
				
				
				
				
				
				
				
				
				
				
				
				
				
				
				
				
				
				
				
				
				
				
				
				
				
				
				
				
				
				
				
				
				
				
				
				
				
				
				
				
				
				
				
				
				
				
				
				
				
				
				
				
				
				
				
				
				
				
				
				
				
				
				
				
				
				
				
				
				
				
				
				
				
				
				
				
				
				
				
				
				
				
				
				
				
				
				
				
				
				
				
				
				
				
				
				
				
				
				
				
				
				
				
				
				
				
				
				
				
				
				
				
				
				
				
				
				
				
				
				
				
				
				
				
				
				
				
				
				
				
				
				
				
				
				
				
				
				
				
				
				
				
				
				
				
				
				
				
				
				
				
				
				
				
				
				
				
				
				
				
				
				
				
				
				
				
				
				
				
				
				
				
				
				
				
				
				
				
				
				
				
				
				
				
				
				
				
				
				
				
				
				
				
				
				
				
				
				
				
				
				
				
				
				
				
				
				
				
				
				
				
				
				
				
				
				
				
				
				
				
				
				
				
				
				
				
				
				
				
				
				
				
				
				
				
				
				
				
				
				
				
				
				
				
				
				
				
				
				
				
				
				
				
				
				
				
				
				
				
				
				
				
				
				
				
				
				
				
				
				
				
				
				
				
				
				
				
				
				
				
				
				
				
				
				
				
				
				
				
				
				
				
				
				
				
				
				
				
				
				
				
				
				
				
				
				
				
				
				
				
				
				
				
				
				
				
				
				
				
				
				
				
				
				
				
				
				
				
				
				
				
				
				
				
				
				
				
				
				
				
				
				
				
				
				
				
				
				
				
				
				
				
				
				
				
				
				
				
				
				
				
				
				
				
				
				
				
				
				
				
				
				
				
				
				
				
				
				
				
				
				
				
				
				
				
				
				
				
				
				
				
				
				
				
				
				
				
				
				
				
				
				
				
				
				
				
				
				
				
				
				
				
				
				
				
				
				
				
				
				
				
				
				
				
				
				
				
				
				
				
				
				
				
				
