0	0	1.000	4617.000	0.000
0	50	1.000	1799.000	0.001
0	100	1.000	4129.000	0.000
0	150	0.000	2021.000	0.000
0	200	1.000	1898.000	0.001
0	250	0.000	1794.000	0.000
0	300	1.000	1885.000	0.001
0	350	1.000	1898.000	0.001
0	400	2.000	1928.000	0.001
0	450	0.000	1928.000	0.000
0	500	0.000	1898.000	0.000
0	550	0.000	1841.000	0.000
0	600	1.000	1846.000	0.001
0	650	0.000	1846.000	0.000
0	700	0.000	1881.000	0.000
0	750	2.000	1969.000	0.001
0	800	0.000	1768.000	0.000
0	850	2.000	1866.000	0.001
0	900	3.000	1964.000	0.002
0	950	2.000	1815.000	0.001
0	1000	1.000	1809.000	0.001
0	1050	1.000	1869.000	0.001
0	1100	0.000	1809.000	0.000
0	1150	1.000	1750.000	0.001
0	1200	1.000	1740.000	0.001
0	1250	0.000	1854.000	0.000
0	1300	0.000	1643.000	0.000
0	1350	0.000	1865.000	0.000
0	1400	2.000	1779.000	0.001
0	1450	1.000	1759.000	0.001
0	1500	0.000	1972.000	0.000
0	1550	0.000	1898.000	0.000
0	1600	3.000	1975.000	0.002
0	1650	1.000	1934.000	0.001
0	1700	4.000	1865.000	0.002
0	1750	4.000	1991.000	0.002
0	1800	1.000	1896.000	0.001
0	1850	3.000	1930.000	0.002
0	1900	1.000	1920.000	0.001
0	1950	1.000	1875.000	0.001
0	2000	0.000	1881.000	0.000
0	2050	1.000	1950.000	0.001
0	2100	0.000	1859.000	0.000
0	2150	4.000	1788.000	0.002
0	2200	3.000	1981.000	0.002
0	2250	2.000	1945.000	0.001
0	2300	2.000	1884.000	0.001
0	2350	0.000	1791.000	0.000
0	2400	3.000	1866.000	0.002
0	2450	2.000	1964.000	0.001
0	2500	0.000	1884.000	0.000
0	2550	0.000	1859.000	0.000
0	2600	2.000	1821.000	0.001
0	2650	1.000	1866.000	0.001
0	2700	0.000	2015.000	0.000
0	2750	1.000	1942.000	0.001
0	2800	1.000	1823.000	0.001
0	2850	2.000	1972.000	0.001
0	2900	1.000	1881.000	0.001
0	2950	0.000	1908.000	0.000
0	3000	0.000	1834.000	0.000
0	3050	0.000	1919.000	0.000
0	3100	0.000	1878.000	0.000
0	3150	1.000	1704.000	0.001
0	3200	0.000	1847.000	0.000
0	3250	0.000	0.000	NaN
0	3300	0.000	1830.000	0.000
0	3350	0.000	1824.000	0.000
0	3400	0.000	1932.000	0.000
0	3450	0.000	1988.000	0.000
0	3500	0.000	1866.000	0.000
0	3550	1.000	1845.000	0.001
0	3600	0.000	1883.000	0.000
0	3650	0.000	1885.000	0.000
0	3700	1.000	1882.000	0.001
0	3750	0.000	1909.000	0.000
0	3800	0.000	1951.000	0.000
0	3850	0.000	1855.000	0.000
0	3900	0.000	1890.000	0.000
0	3950	1.000	1879.000	0.001
0	4000	0.000	1908.000	0.000
				
				
				
				
				
				
				
				
				
				
				
				
				
				
				
				
				
				
				
				
				
				
				
				
				
				
				
				
				
				
				
				
				
				
				
				
				
				
				
				
				
				
				
				
				
				
				
				
				
				
				
				
				
				
				
				
				
				
				
				
				
				
				
				
				
				
				
				
				
				
				
				
				
				
				
				
				
				
				
				
				
				
				
				
				
				
				
				
				
				
				
				
				
				
				
				
				
				
				
				
				
				
				
				
				
				
				
				
				
				
				
				
				
				
				
				
				
				
				
				
				
				
				
				
				
				
				
				
				
				
				
				
				
				
				
				
				
				
				
				
				
				
				
				
				
				
				
				
				
				
				
				
				
				
				
				
				
				
				
				
				
				
				
				
				
				
				
				
				
				
				
				
				
				
				
				
				
				
				
				
				
				
				
				
				
				
				
				
				
				
				
				
				
				
				
				
				
				
				
				
				
				
				
				
				
				
				
				
				
				
				
				
				
				
				
				
				
				
				
				
				
				
				
				
				
				
				
				
				
				
				
				
				
				
				
				
				
				
				
				
				
				
				
				
				
				
				
				
				
				
				
				
				
				
				
				
				
				
				
				
				
				
				
				
				
				
				
				
				
				
				
				
				
				
				
				
				
				
				
				
				
				
				
				
				
				
				
				
				
				
				
				
				
				
				
				
				
				
				
				
				
				
				
				
				
				
				
				
				
				
				
				
				
				
				
				
				
				
				
				
				
				
				
				
				
				
				
				
				
				
				
				
				
				
				
				
				
				
				
				
				
				
				
				
				
				
				
				
				
				
				
				
				
				
				
				
				
				
				
				
				
				
				
				
				
				
				
				
				
				
				
				
				
				
				
				
				
				
				
				
				
				
				
				
				
				
				
				
				
				
				
				
				
				
				
				
				
				
				
				
				
				
				
				
				
				
				
				
				
				
				
				
				
				
				
				
				
				
				
				
				
				
				
				
				
				
				
				
				
				
				
				
				
				
				
				
				
				
				
				
				
				
				
				
				
				
				
				
				
				
				
				
				
				
				
				
				
				
				
				
				
				
				
				
				
				
				
				
				
				
				
				
				
				
				
				
				
				
				
				
				
				
				
				
				
				
				
				
				
				
				
				
				
				
				
				
				
				
				
				
				
				
				
				
				
				
				
				
				
				
				
				
				
				
				
				
				
				
				
				
				
				
				
				
				
				
				
				
				
				
				
				
				
				
				
				
				
				
				
				
				
				
				
				
				
				
				
				
				
				
				
				
				
				
				
				
				
				
				
				
				
				
				
				
				
				
				
				
				
				
				
				
				
				
				
				
				
				
				
				
				
				
				
				
				
				
				
				
				
				
				
				
				
				
				
				
				
				
				
				
				
				
				
				
				
				
				
				
				
				
				
				
				
				
				
				
				
				
				
				
				
				
				
				
				
				
				
				
				
				
				
				
				
				
				
				
				
				
				
				
				
				
				
				
				
				
				
				
				
				
				
				
				
				
				
				
				
				
				
				
				
				
				
				
				
				
				
				
				
				
				
				
				
				
				
				
				
				
				
				
				
				
				
				
				
				
				
				
				
				
				
				
				
				
				
				
				
				
				
				
				
				
				
				
				
				
				
				
				
				
				
				
				
				
				
				
				
				
				
				
				
				
				
				
				
				
				
				
				
				
				
				
				
				
				
				
				
				
				
				
				
				
				
				
				
				
				
				
				
				
				
				
				
				
				
				
				
				
				
				
				
				
				
				
				
				
				
				
				
				
				
				
				
				
				
				
				
				
				
				
				
				
				
				
				
				
				
				
				
				
				
				
				
				
				
				
				
				
				
				
				
				
				
				
				
				
				
				
				
				
				
				
				
				
				
				
				
				
				
				
				
				
				
				
				
				
				
				
				
				
				
				
				
				
				
				
				
				
				
				
				
				
				
				
				
				
				
				
				
				
				
				
				
				
				
				
				
				
				
				
				
				
				
				
				
				
				
				
				
				
				
				
				
				
				
				
				
				
				
				
				
				
				
				
				
				
				
				
				
				
				
				
				
				
				
				
				
				
				
				
				
				
				
				
				
				
				
				
				
				
				
				
				
				
				
				
				
				
				
