0	0	4257.000	19676.000	0.216
0	50	4046.000	19554.000	0.207
0	100	4008.000	19679.000	0.204
0	150	4138.000	18744.000	0.221
0	200	4275.000	18698.000	0.229
0	250	4366.000	20327.000	0.215
0	300	4576.000	19846.000	0.231
0	350	4680.000	19159.000	0.244
0	400	4527.000	18641.000	0.243
0	450	4808.000	18398.000	0.261
0	500	4905.000	18930.000	0.259
0	550	4936.000	19530.000	0.253
0	600	5141.000	19140.000	0.269
0	650	5401.000	19461.000	0.278
0	700	5508.000	18733.000	0.294
0	750	5630.000	18614.000	0.302
0	800	5762.000	19034.000	0.303
0	850	5827.000	19129.000	0.305
0	900	6164.000	19562.000	0.315
0	950	6315.000	19831.000	0.318
0	1000	6364.000	20105.000	0.317
0	1050	1841.000	5484.000	0.336
0	1100	1.000	0.000	Inf
0	1150	6805.000	19342.000	0.352
0	1200	7014.000	18638.000	0.376
0	1250	7530.000	18583.000	0.405
0	1300	7487.000	19453.000	0.385
0	1350	7703.000	19417.000	0.397
0	1400	7667.000	19003.000	0.403
0	1450	8227.000	19702.000	0.418
0	1500	8176.000	19367.000	0.422
0	1550	8784.000	20151.000	0.436
0	1600	8980.000	20401.000	0.440
0	1650	9317.000	20518.000	0.454
0	1700	9533.000	20687.000	0.461
0	1750	10147.000	20861.000	0.486
0	1800	10550.000	20237.000	0.521
0	1850	11098.000	20022.000	0.554
0	1900	11454.000	19059.000	0.601
0	1950	11932.000	19062.000	0.626
0	2000	12693.000	19249.000	0.659
0	2050	12857.000	19126.000	0.672
0	2100	13486.000	19095.000	0.706
0	2150	13778.000	19936.000	0.691
0	2200	0.000	13542.000	0.000
0	2250	13277.000	19437.000	0.683
0	2300	13343.000	19956.000	0.669
0	2350	13101.000	19889.000	0.659
0	2400	13265.000	19897.000	0.667
0	2450	13276.000	20877.000	0.636
0	2500	13013.000	20650.000	0.630
0	2550	12306.000	20144.000	0.611
0	2600	12287.000	20100.000	0.611
0	2650	12119.000	19983.000	0.606
0	2700	12041.000	19683.000	0.612
0	2750	12403.000	19656.000	0.631
0	2800	12564.000	19806.000	0.634
0	2850	11942.000	19522.000	0.612
0	2900	12012.000	19507.000	0.616
0	2950	12303.000	19565.000	0.629
0	3000	11674.000	19488.000	0.599
0	3050	12544.000	18439.000	0.680
0	3100	10646.000	19766.000	0.539
0	3150	7840.000	19380.000	0.405
0	3200	8301.000	18795.000	0.442
0	3250	8323.000	19885.000	0.419
0	3300	6732.000	20047.000	0.336
0	3350	6404.000	19722.000	0.325
0	3400	8389.000	19411.000	0.432
0	3450	8219.000	20510.000	0.401
0	3500	5427.000	19625.000	0.277
				
				
				
				
				
				
				
				
				
				
				
				
				
				
				
				
				
				
				
				
				
				
				
				
				
				
				
				
				
				
				
				
				
				
				
				
				
				
				
				
				
				
				
				
				
				
				
				
				
				
				
				
				
				
				
				
				
				
				
				
				
				
				
				
				
				
				
				
				
				
				
				
				
				
				
				
				
				
				
				
				
				
				
				
				
				
				
				
				
				
				
				
				
				
				
				
				
				
				
				
				
				
				
				
				
				
				
				
				
				
				
				
				
				
				
				
				
				
				
				
				
				
				
				
				
				
				
				
				
				
				
				
				
				
				
				
				
				
				
				
				
				
				
				
				
				
				
				
				
				
				
				
				
				
				
				
				
				
				
				
				
				
				
				
				
				
				
				
				
				
				
				
				
				
				
				
				
				
				
				
				
				
				
				
				
				
				
				
				
				
				
				
				
				
				
				
				
				
				
				
				
				
				
				
				
				
				
				
				
				
				
				
				
				
				
				
				
				
				
				
				
				
				
				
				
				
				
				
				
				
				
				
				
				
				
				
				
				
				
				
				
				
				
				
				
				
				
				
				
				
				
				
				
				
				
				
				
				
				
				
				
				
				
				
				
				
				
				
				
				
				
				
				
				
				
				
				
				
				
				
				
				
				
				
				
				
				
				
				
				
				
				
				
				
				
				
				
				
				
				
				
				
				
				
				
				
				
				
				
				
				
				
				
				
				
				
				
				
				
				
				
				
				
				
				
				
				
				
				
				
				
				
				
				
				
				
				
				
				
				
				
				
				
				
				
				
				
				
				
				
				
				
				
				
				
				
				
				
				
				
				
				
				
				
				
				
				
				
				
				
				
				
				
				
				
				
				
				
				
				
				
				
				
				
				
				
				
				
				
				
				
				
				
				
				
				
				
				
				
				
				
				
				
				
				
				
				
				
				
				
				
				
				
				
				
				
				
				
				
				
				
				
				
				
				
				
				
				
				
				
				
				
				
				
				
				
				
				
				
				
				
				
				
				
				
				
				
				
				
				
				
				
				
				
				
				
				
				
				
				
				
				
				
				
				
				
				
				
				
				
				
				
				
				
				
				
				
				
				
				
				
				
				
				
				
				
				
				
				
				
				
				
				
				
				
				
				
				
				
				
				
				
				
				
				
				
				
				
				
				
				
				
				
				
				
				
				
				
				
				
				
				
				
				
				
				
				
				
				
				
				
				
				
				
				
				
				
				
				
				
				
				
				
				
				
				
				
				
				
				
				
				
				
				
				
				
				
				
				
				
				
				
				
				
				
				
				
				
				
				
				
				
				
				
				
				
				
				
				
				
				
				
				
				
				
				
				
				
				
				
				
				
				
				
				
				
				
				
				
				
				
				
				
				
				
				
				
				
				
				
				
				
				
				
				
				
				
				
				
				
				
				
				
				
				
				
				
				
				
				
				
				
				
				
				
				
				
				
				
				
				
				
				
				
				
				
				
				
				
				
				
				
				
				
				
				
				
				
				
				
				
				
				
				
				
				
				
				
				
				
				
				
				
				
				
				
				
				
				
				
				
				
				
				
				
				
				
				
				
				
				
				
				
				
				
				
				
				
				
				
				
				
				
				
				
				
				
				
				
				
				
				
				
				
				
				
				
				
				
				
				
				
				
				
				
				
				
				
				
				
				
				
				
				
				
				
				
				
				
				
				
				
				
				
				
				
				
				
				
				
				
				
				
				
				
				
				
				
				
				
				
				
				
				
				
				
				
				
				
				
				
				
				
				
				
				
				
				
				
				
				
				
				
				
				
				
				
				
				
				
				
				
				
				
				
				
				
				
				
				
				
				
				
				
				
				
				
				
				
				
				
				
				
				
				
				
				
				
				
				
				
				
				
				
				
				
				
				
				
				
				
				
				
				
				
				
				
				
				
				
				
				
				
				
				
				
				
				
				
				
				
				
				
				
				
				
				
				
				
				
				
				
				
				
				
				
				
				
				
				
				
				
				
				
				
				
				
				
				
				
				
				
				
				
				
				
				
				
				
				
				
				
				
				
				
				
				
				
				
				
				
				
				
				
				
				
				
				
				
				
				
				
				
				
				
				
				
				
				
				
				
				
				
				
				
				
				
				
				
