0	0	364.000	4253.000	0.086
0	50	490.000	4056.000	0.121
0	100	491.000	4246.000	0.116
0	150	517.000	4290.000	0.121
0	200	512.000	4135.000	0.124
0	250	448.000	4368.000	0.103
0	300	548.000	3983.000	0.138
0	350	529.000	4190.000	0.126
0	400	570.000	4150.000	0.137
0	450	543.000	4137.000	0.131
0	500	577.000	4020.000	0.144
0	550	635.000	3951.000	0.161
0	600	673.000	3668.000	0.183
0	650	672.000	3827.000	0.176
0	700	666.000	3679.000	0.181
0	750	730.000	3747.000	0.195
0	800	650.000	3976.000	0.163
0	850	683.000	3837.000	0.178
0	900	796.000	3798.000	0.210
0	950	824.000	4161.000	0.198
0	1000	816.000	4090.000	0.200
0	1050	842.000	4240.000	0.199
0	1100	941.000	3984.000	0.236
0	1150	760.000	4159.000	0.183
0	1200	672.000	4035.000	0.167
0	1250	910.000	4253.000	0.214
0	1300	950.000	3950.000	0.241
0	1350	941.000	4052.000	0.232
0	1400	993.000	4266.000	0.233
0	1450	1009.000	4154.000	0.243
0	1500	1086.000	4033.000	0.269
0	1550	1114.000	4173.000	0.267
0	1600	1157.000	4067.000	0.284
0	1650	1240.000	4262.000	0.291
0	1700	1323.000	3867.000	0.342
0	1750	1356.000	4099.000	0.331
0	1800	1491.000	4177.000	0.357
0	1850	1542.000	4066.000	0.379
0	1900	1566.000	4124.000	0.380
0	1950	1740.000	3851.000	0.452
0	2000	1873.000	3668.000	0.511
0	2050	1955.000	3564.000	0.549
0	2100	1868.000	3594.000	0.520
0	2150	2002.000	3663.000	0.547
0	2200	2043.000	3655.000	0.559
0	2250	1921.000	3670.000	0.523
0	2300	1942.000	3863.000	0.503
0	2350	2100.000	4071.000	0.516
0	2400	2193.000	4091.000	0.536
0	2450	2198.000	4007.000	0.549
0	2500	2215.000	3948.000	0.561
0	2550	1754.000	4108.000	0.427
0	2600	1652.000	3990.000	0.414
0	2650	1629.000	4323.000	0.377
0	2700	1677.000	4182.000	0.401
0	2750	1610.000	4330.000	0.372
0	2800	1528.000	4373.000	0.349
0	2850	1503.000	4320.000	0.348
0	2900	1448.000	4354.000	0.333
0	2950	1591.000	4416.000	0.360
0	3000	1593.000	4415.000	0.361
0	3050	1600.000	4342.000	0.368
0	3100	1593.000	4296.000	0.371
				
				
				
				
				
				
				
				
				
				
				
				
				
				
				
				
				
				
				
				
				
				
				
				
				
				
				
				
				
				
				
				
				
				
				
				
				
				
				
				
				
				
				
				
				
				
				
				
				
				
				
				
				
				
				
				
				
				
				
				
				
				
				
				
				
				
				
				
				
				
				
				
				
				
				
				
				
				
				
				
				
				
				
				
				
				
				
				
				
				
				
				
				
				
				
				
				
				
				
				
				
				
				
				
				
				
				
				
				
				
				
				
				
				
				
				
				
				
				
				
				
				
				
				
				
				
				
				
				
				
				
				
				
				
				
				
				
				
				
				
				
				
				
				
				
				
				
				
				
				
				
				
				
				
				
				
				
				
				
				
				
				
				
				
				
				
				
				
				
				
				
				
				
				
				
				
				
				
				
				
				
				
				
				
				
				
				
				
				
				
				
				
				
				
				
				
				
				
				
				
				
				
				
				
				
				
				
				
				
				
				
				
				
				
				
				
				
				
				
				
				
				
				
				
				
				
				
				
				
				
				
				
				
				
				
				
				
				
				
				
				
				
				
				
				
				
				
				
				
				
				
				
				
				
				
				
				
				
				
				
				
				
				
				
				
				
				
				
				
				
				
				
				
				
				
				
				
				
				
				
				
				
				
				
				
				
				
				
				
				
				
				
				
				
				
				
				
				
				
				
				
				
				
				
				
				
				
				
				
				
				
				
				
				
				
				
				
				
				
				
				
				
				
				
				
				
				
				
				
				
				
				
				
				
				
				
				
				
				
				
				
				
				
				
				
				
				
				
				
				
				
				
				
				
				
				
				
				
				
				
				
				
				
				
				
				
				
				
				
				
				
				
				
				
				
				
				
				
				
				
				
				
				
				
				
				
				
				
				
				
				
				
				
				
				
				
				
				
				
				
				
				
				
				
				
				
				
				
				
				
				
				
				
				
				
				
				
				
				
				
				
				
				
				
				
				
				
				
				
				
				
				
				
				
				
				
				
				
				
				
				
				
				
				
				
				
				
				
				
				
				
				
				
				
				
				
				
				
				
				
				
				
				
				
				
				
				
				
				
				
				
				
				
				
				
				
				
				
				
				
				
				
				
				
				
				
				
				
				
				
				
				
				
				
				
				
				
				
				
				
				
				
				
				
				
				
				
				
				
				
				
				
				
				
				
				
				
				
				
				
				
				
				
				
				
				
				
				
				
				
				
				
				
				
				
				
				
				
				
				
				
				
				
				
				
				
				
				
				
				
				
				
				
				
				
				
				
				
				
				
				
				
				
				
				
				
				
				
				
				
				
				
				
				
				
				
				
				
				
				
				
				
				
				
				
				
				
				
				
				
				
				
				
				
				
				
				
				
				
				
				
				
				
				
				
				
				
				
				
				
				
				
				
				
				
				
				
				
				
				
				
				
				
				
				
				
				
				
				
				
				
				
				
				
				
				
				
				
				
				
				
				
				
				
				
				
				
				
				
				
				
				
				
				
				
				
				
				
				
				
				
				
				
				
				
				
				
				
				
				
				
				
				
				
				
				
				
				
				
				
				
				
				
				
				
				
				
				
				
				
				
				
				
				
				
				
				
				
				
				
				
				
				
				
				
				
				
				
				
				
				
				
				
				
				
				
				
				
				
				
				
				
				
				
				
				
				
				
				
				
				
				
				
				
				
				
				
				
				
				
				
				
				
				
				
				
				
				
				
				
				
				
				
				
				
				
				
				
				
				
				
				
				
				
				
				
				
				
				
				
				
				
				
				
				
				
				
				
				
				
				
				
				
				
				
				
				
				
				
				
				
				
				
				
				
				
				
				
				
				
				
				
				
				
				
				
				
				
				
				
				
				
				
				
				
				
				
				
				
				
				
				
				
				
				
				
				
				
				
				
				
				
				
				
				
				
				
				
				
				
				
				
				
				
				
				
				
				
				
				
				
				
				
				
				
				
				
				
				
				
				
				
				
				
				
				
				
				
				
				
				
				
				
				
				
				
				
				
				
				
				
				
				
				
				
				
				
				
				
				
				
				
				
				
				
				
				
				
				
				
				
				
				
				
				
				
				
				
				
				
				
				
				
				
				
				
				
				
				
				
				
				
				
				
				
				
				
				
				
				
				
				
				
				
				
				
				
