0	0	0.000	3576.000	0.000
0	50	0.000	3689.000	0.000
0	100	0.000	3583.000	0.000
0	150	0.000	3302.000	0.000
0	200	0.000	3462.000	0.000
0	250	0.000	3529.000	0.000
0	300	0.000	3720.000	0.000
0	350	1.000	3509.000	0.000
0	400	0.000	3511.000	0.000
0	450	0.000	3408.000	0.000
0	500	2.000	3595.000	0.001
0	550	2.000	3323.000	0.001
0	600	1.000	3571.000	0.000
0	650	0.000	3652.000	0.000
0	700	0.000	3434.000	0.000
0	750	2.000	3488.000	0.001
0	800	0.000	3102.000	0.000
0	850	0.000	3199.000	0.000
0	900	1.000	3296.000	0.000
0	950	1.000	3062.000	0.000
0	1000	2.000	3223.000	0.001
0	1050	0.000	3118.000	0.000
0	1100	0.000	2879.000	0.000
0	1150	0.000	3025.000	0.000
0	1200	0.000	3157.000	0.000
0	1250	0.000	2714.000	0.000
0	1300	0.000	3206.000	0.000
0	1350	0.000	3725.000	0.000
0	1400	0.000	3481.000	0.000
0	1450	0.000	3292.000	0.000
0	1500	1.000	3501.000	0.000
0	1550	3.000	3514.000	0.001
0	1600	0.000	3651.000	0.000
0	1650	4.000	3653.000	0.001
0	1700	2.000	3579.000	0.001
0	1750	4.000	3505.000	0.001
0	1800	5.000	3478.000	0.001
0	1850	5.000	3321.000	0.002
0	1900	1.000	3461.000	0.000
0	1950	12.000	3618.000	0.003
0	2000	13.000	3711.000	0.004
0	2050	17.000	3645.000	0.005
0	2100	23.000	3620.000	0.006
0	2150	32.000	3485.000	0.009
0	2200	28.000	3458.000	0.008
0	2250	22.000	3604.000	0.006
0	2300	43.000	3528.000	0.012
0	2350	33.000	3598.000	0.009
0	2400	39.000	3526.000	0.011
0	2450	29.000	3421.000	0.008
0	2500	22.000	3759.000	0.006
0	2550	23.000	3556.000	0.006
0	2600	19.000	3715.000	0.005
0	2650	3.000	3611.000	0.001
0	2700	13.000	3324.000	0.004
0	2750	3.000	3351.000	0.001
0	2800	4.000	3473.000	0.001
0	2850	10.000	3627.000	0.003
0	2900	7.000	3474.000	0.002
0	2950	4.000	3697.000	0.001
0	3000	8.000	3707.000	0.002
0	3050	7.000	3526.000	0.002
0	3100	20.000	3555.000	0.006
0	3150	20.000	3560.000	0.006
0	3200	15.000	3624.000	0.004
0	3250	20.000	3495.000	0.006
0	3300	34.000	3513.000	0.010
0	3350	28.000	3432.000	0.008
0	3400	37.000	3485.000	0.011
0	3450	23.000	3293.000	0.007
0	3500	27.000	3426.000	0.008
0	3550	18.000	3420.000	0.005
0	3600	28.000	3488.000	0.008
0	3650	25.000	3292.000	0.008
0	3700	0.000	14.000	0.000
0	3750	10.000	3262.000	0.003
0	3800	14.000	3353.000	0.004
0	3850	6.000	3475.000	0.002
0	3900	2.000	3227.000	0.001
0	3950	1.000	3530.000	0.000
0	4000	5.000	3625.000	0.001
0	4050	2.000	3362.000	0.001
0	4100	1.000	3523.000	0.000
0	4150	3.000	3482.000	0.001
0	4200	5.000	3170.000	0.002
0	4250	2.000	3473.000	0.001
				
				
				
				
				
				
				
				
				
				
				
				
				
				
				
				
				
				
				
				
				
				
				
				
				
				
				
				
				
				
				
				
				
				
				
				
				
				
				
				
				
				
				
				
				
				
				
				
				
				
				
				
				
				
				
				
				
				
				
				
				
				
				
				
				
				
				
				
				
				
				
				
				
				
				
				
				
				
				
				
				
				
				
				
				
				
				
				
				
				
				
				
				
				
				
				
				
				
				
				
				
				
				
				
				
				
				
				
				
				
				
				
				
				
				
				
				
				
				
				
				
				
				
				
				
				
				
				
				
				
				
				
				
				
				
				
				
				
				
				
				
				
				
				
				
				
				
				
				
				
				
				
				
				
				
				
				
				
				
				
				
				
				
				
				
				
				
				
				
				
				
				
				
				
				
				
				
				
				
				
				
				
				
				
				
				
				
				
				
				
				
				
				
				
				
				
				
				
				
				
				
				
				
				
				
				
				
				
				
				
				
				
				
				
				
				
				
				
				
				
				
				
				
				
				
				
				
				
				
				
				
				
				
				
				
				
				
				
				
				
				
				
				
				
				
				
				
				
				
				
				
				
				
				
				
				
				
				
				
				
				
				
				
				
				
				
				
				
				
				
				
				
				
				
				
				
				
				
				
				
				
				
				
				
				
				
				
				
				
				
				
				
				
				
				
				
				
				
				
				
				
				
				
				
				
				
				
				
				
				
				
				
				
				
				
				
				
				
				
				
				
				
				
				
				
				
				
				
				
				
				
				
				
				
				
				
				
				
				
				
				
				
				
				
				
				
				
				
				
				
				
				
				
				
				
				
				
				
				
				
				
				
				
				
				
				
				
				
				
				
				
				
				
				
				
				
				
				
				
				
				
				
				
				
				
				
				
				
				
				
				
				
				
				
				
				
				
				
				
				
				
				
				
				
				
				
				
				
				
				
				
				
				
				
				
				
				
				
				
				
				
				
				
				
				
				
				
				
				
				
				
				
				
				
				
				
				
				
				
				
				
				
				
				
				
				
				
				
				
				
				
				
				
				
				
				
				
				
				
				
				
				
				
				
				
				
				
				
				
				
				
				
				
				
				
				
				
				
				
				
				
				
				
				
				
				
				
				
				
				
				
				
				
				
				
				
				
				
				
				
				
				
				
				
				
				
				
				
				
				
				
				
				
				
				
				
				
				
				
				
				
				
				
				
				
				
				
				
				
				
				
				
				
				
				
				
				
				
				
				
				
				
				
				
				
				
				
				
				
				
				
				
				
				
				
				
				
				
				
				
				
				
				
				
				
				
				
				
				
				
				
				
				
				
				
				
				
				
				
				
				
				
				
				
				
				
				
				
				
				
				
				
				
				
				
				
				
				
				
				
				
				
				
				
				
				
				
				
				
				
				
				
				
				
				
				
				
				
				
				
				
				
				
				
				
				
				
				
				
				
				
				
				
				
				
				
				
				
				
				
				
				
				
				
				
				
				
				
				
				
				
				
				
				
				
				
				
				
				
				
				
				
				
				
				
				
				
				
				
				
				
				
				
				
				
				
				
				
				
				
				
				
				
				
				
				
				
				
				
				
				
				
				
				
				
				
				
				
				
				
				
				
				
				
				
				
				
				
				
				
				
				
				
				
				
				
				
				
				
				
				
				
				
				
				
				
				
				
				
				
				
				
				
				
				
				
				
				
				
				
				
				
				
				
				
				
				
				
				
				
				
				
				
				
				
				
				
				
				
				
				
				
				
				
				
				
				
				
				
				
				
				
				
				
				
				
				
				
				
				
				
				
				
				
				
				
				
				
				
				
				
				
				
				
				
				
				
				
				
				
				
				
				
				
				
				
				
				
				
				
				
				
				
				
				
				
				
				
				
				
				
				
				
				
				
				
				
				
				
				
				
				
				
				
				
				
				
				
				
				
				
				
				
				
				
				
				
				
				
				
				
				
				
				
				
				
				
				
				
				
				
				
				
				
				
				
				
				
				
				
				
				
				
				
				
				
				
				
				
				
				
				
				
				
				
				
				
				
				
				
				
				
				
				
				
				
				
				
				
				
				
				
				
				
				
				
				
				
				
				
				
				
				
				
