0	0	2.000	17644.000	0.000
0	50	0.000	17401.000	0.000
0	100	0.000	17687.000	0.000
0	150	0.000	18064.000	0.000
0	200	0.000	18219.000	0.000
0	250	0.000	0.000	NaN
0	300	0.000	17695.000	0.000
0	350	0.000	17220.000	0.000
0	400	1.000	16873.000	0.000
0	450	0.000	16390.000	0.000
0	500	0.000	17299.000	0.000
0	550	0.000	18164.000	0.000
0	600	1.000	18653.000	0.000
0	650	5.000	18421.000	0.000
0	700	7.000	18681.000	0.000
0	750	13.000	18048.000	0.001
0	800	6.000	17600.000	0.000
0	850	16.000	18373.000	0.001
0	900	17.000	19691.000	0.001
0	950	37.000	19663.000	0.002
0	1000	30.000	19419.000	0.002
0	1050	50.000	19806.000	0.003
0	1100	54.000	18143.000	0.003
0	1150	59.000	17417.000	0.003
0	1200	53.000	17333.000	0.003
0	1250	93.000	17789.000	0.005
0	1300	120.000	18312.000	0.007
0	1350	178.000	17744.000	0.010
0	1400	222.000	18965.000	0.012
0	1450	222.000	19129.000	0.012
0	1500	225.000	19635.000	0.011
0	1550	227.000	20025.000	0.011
0	1600	240.000	19930.000	0.012
0	1650	202.000	20375.000	0.010
0	1700	215.000	20167.000	0.011
0	1750	128.000	19467.000	0.007
0	1800	167.000	18931.000	0.009
0	1850	136.000	18829.000	0.007
0	1900	129.000	18339.000	0.007
0	1950	171.000	18540.000	0.009
0	2000	221.000	19007.000	0.012
0	2050	272.000	19660.000	0.014
0	2100	222.000	19374.000	0.011
0	2150	218.000	19599.000	0.011
0	2200	180.000	19984.000	0.009
0	2250	164.000	19243.000	0.009
0	2300	158.000	19644.000	0.008
0	2350	106.000	19259.000	0.006
0	2400	70.000	19954.000	0.004
0	2450	71.000	19198.000	0.004
0	2500	37.000	19345.000	0.002
0	2550	33.000	19328.000	0.002
0	2600	16.000	19162.000	0.001
0	2650	35.000	19153.000	0.002
0	2700	10.000	19493.000	0.001
0	2750	10.000	19346.000	0.001
0	2800	10.000	19597.000	0.001
0	2850	7.000	19351.000	0.000
0	2900	6.000	19655.000	0.000
0	2950	3.000	19339.000	0.000
0	3000	7.000	19097.000	0.000
0	3050	3.000	19173.000	0.000
0	3100	8.000	20432.000	0.000
0	3150	2.000	19687.000	0.000
0	3200	5.000	19865.000	0.000
0	3250	5.000	19348.000	0.000
0	3300	9.000	19669.000	0.000
0	3350	1.000	18942.000	0.000
0	3400	1.000	19825.000	0.000
0	3450	1.000	19202.000	0.000
0	3500	4.000	19471.000	0.000
0	3550	0.000	19633.000	0.000
0	3600	3.000	19713.000	0.000
0	3650	9.000	20000.000	0.000
0	3700	6.000	19386.000	0.000
0	3750	0.000	19710.000	0.000
0	3800	4.000	20092.000	0.000
0	3850	1.000	19971.000	0.000
0	3900	3.000	20290.000	0.000
0	3950	2.000	19508.000	0.000
0	4000	1.000	19963.000	0.000
0	4050	2.000	19710.000	0.000
0	4100	2.000	19705.000	0.000
				
				
				
				
				
				
				
				
				
				
				
				
				
				
				
				
				
				
				
				
				
				
				
				
				
				
				
				
				
				
				
				
				
				
				
				
				
				
				
				
				
				
				
				
				
				
				
				
				
				
				
				
				
				
				
				
				
				
				
				
				
				
				
				
				
				
				
				
				
				
				
				
				
				
				
				
				
				
				
				
				
				
				
				
				
				
				
				
				
				
				
				
				
				
				
				
				
				
				
				
				
				
				
				
				
				
				
				
				
				
				
				
				
				
				
				
				
				
				
				
				
				
				
				
				
				
				
				
				
				
				
				
				
				
				
				
				
				
				
				
				
				
				
				
				
				
				
				
				
				
				
				
				
				
				
				
				
				
				
				
				
				
				
				
				
				
				
				
				
				
				
				
				
				
				
				
				
				
				
				
				
				
				
				
				
				
				
				
				
				
				
				
				
				
				
				
				
				
				
				
				
				
				
				
				
				
				
				
				
				
				
				
				
				
				
				
				
				
				
				
				
				
				
				
				
				
				
				
				
				
				
				
				
				
				
				
				
				
				
				
				
				
				
				
				
				
				
				
				
				
				
				
				
				
				
				
				
				
				
				
				
				
				
				
				
				
				
				
				
				
				
				
				
				
				
				
				
				
				
				
				
				
				
				
				
				
				
				
				
				
				
				
				
				
				
				
				
				
				
				
				
				
				
				
				
				
				
				
				
				
				
				
				
				
				
				
				
				
				
				
				
				
				
				
				
				
				
				
				
				
				
				
				
				
				
				
				
				
				
				
				
				
				
				
				
				
				
				
				
				
				
				
				
				
				
				
				
				
				
				
				
				
				
				
				
				
				
				
				
				
				
				
				
				
				
				
				
				
				
				
				
				
				
				
				
				
				
				
				
				
				
				
				
				
				
				
				
				
				
				
				
				
				
				
				
				
				
				
				
				
				
				
				
				
				
				
				
				
				
				
				
				
				
				
				
				
				
				
				
				
				
				
				
				
				
				
				
				
				
				
				
				
				
				
				
				
				
				
				
				
				
				
				
				
				
				
				
				
				
				
				
				
				
				
				
				
				
				
				
				
				
				
				
				
				
				
				
				
				
				
				
				
				
				
				
				
				
				
				
				
				
				
				
				
				
				
				
				
				
				
				
				
				
				
				
				
				
				
				
				
				
				
				
				
				
				
				
				
				
				
				
				
				
				
				
				
				
				
				
				
				
				
				
				
				
				
				
				
				
				
				
				
				
				
				
				
				
				
				
				
				
				
				
				
				
				
				
				
				
				
				
				
				
				
				
				
				
				
				
				
				
				
				
				
				
				
				
				
				
				
				
				
				
				
				
				
				
				
				
				
				
				
				
				
				
				
				
				
				
				
				
				
				
				
				
				
				
				
				
				
				
				
				
				
				
				
				
				
				
				
				
				
				
				
				
				
				
				
				
				
				
				
				
				
				
				
				
				
				
				
				
				
				
				
				
				
				
				
				
				
				
				
				
				
				
				
				
				
				
				
				
				
				
				
				
				
				
				
				
				
				
				
				
				
				
				
				
				
				
				
				
				
				
				
				
				
				
				
				
				
				
				
				
				
				
				
				
				
				
				
				
				
				
				
				
				
				
				
				
				
				
				
				
				
				
				
				
				
				
				
				
				
				
				
				
				
				
				
				
				
				
				
				
				
				
				
				
				
				
				
				
				
				
				
				
				
				
				
				
				
				
				
				
				
				
				
				
				
				
				
				
				
				
				
				
				
				
				
				
				
				
				
				
				
				
				
				
				
				
				
				
				
				
				
				
				
				
				
				
				
				
				
				
				
				
				
				
				
				
				
				
				
				
				
				
				
				
				
				
				
				
				
				
				
				
				
				
				
				
				
				
				
				
				
				
				
				
				
				
				
				
				
				
				
				
				
				
				
				
				
				
				
				
				
				
				
				
				
				
				
				
				
				
				
				
				
				
				
				
				
				
				
				
				
				
				
				
				
				
				
				
				
				
				
				
				
				
				
				
				
				
				
				
				
				
				
				
				
				
				
				
				
				
				
				
				
				
				
				
				
				
				
				
				
				
				
				
				
				
				
				
				
				
				
				
				
				
