0	0	0.000	2982.000	0.000
0	50	0.000	3006.000	0.000
0	100	0.000	3166.000	0.000
0	150	0.000	3125.000	0.000
0	200	0.000	3117.000	0.000
0	250	0.000	3077.000	0.000
0	300	0.000	3113.000	0.000
0	350	0.000	3144.000	0.000
0	400	0.000	3125.000	0.000
0	450	0.000	3063.000	0.000
0	500	0.000	3013.000	0.000
0	550	0.000	3008.000	0.000
0	600	0.000	2993.000	0.000
0	650	0.000	3099.000	0.000
0	700	1.000	3127.000	0.000
0	750	0.000	3187.000	0.000
0	800	2.000	3088.000	0.001
0	850	0.000	3153.000	0.000
0	900	2.000	3173.000	0.001
0	950	0.000	3146.000	0.000
0	1000	0.000	3057.000	0.000
0	1050	1.000	3173.000	0.000
0	1100	0.000	3280.000	0.000
0	1150	1.000	3020.000	0.000
0	1200	0.000	3129.000	0.000
0	1250	2.000	3077.000	0.001
0	1300	0.000	2986.000	0.000
0	1350	0.000	3119.000	0.000
0	1400	0.000	3148.000	0.000
0	1450	0.000	3216.000	0.000
0	1500	0.000	3117.000	0.000
0	1550	0.000	2922.000	0.000
0	1600	0.000	1933.000	0.000
0	1650	1.000	2377.000	0.000
0	1700	0.000	2530.000	0.000
0	1750	0.000	2803.000	0.000
0	1800	0.000	2909.000	0.000
0	1850	0.000	3221.000	0.000
0	1900	0.000	3219.000	0.000
0	1950	0.000	2995.000	0.000
0	2000	0.000	3056.000	0.000
0	2050	0.000	3148.000	0.000
0	2100	0.000	2221.000	0.000
0	2150	0.000	2440.000	0.000
0	2200	0.000	2906.000	0.000
0	2250	2.000	3175.000	0.001
0	2300	1.000	3105.000	0.000
0	2350	20.000	3143.000	0.006
0	2400	28.000	3198.000	0.009
0	2450	12.000	3178.000	0.004
0	2500	2.000	2965.000	0.001
0	2550	2.000	3042.000	0.001
0	2600	1.000	2878.000	0.000
0	2650	0.000	3064.000	0.000
0	2700	0.000	3116.000	0.000
0	2750	0.000	3154.000	0.000
0	2800	0.000	3017.000	0.000
0	2850	2.000	2973.000	0.001
0	2900	1.000	3171.000	0.000
0	2950	1.000	3032.000	0.000
0	3000	6.000	3177.000	0.002
0	3050	10.000	3145.000	0.003
0	3100	11.000	3157.000	0.003
0	3150	4.000	3045.000	0.001
0	3200	1.000	3115.000	0.000
0	3250	1.000	3030.000	0.000
0	3300	0.000	3081.000	0.000
0	3350	0.000	3099.000	0.000
0	3400	0.000	3208.000	0.000
0	3450	0.000	3066.000	0.000
0	3500	1.000	3238.000	0.000
0	3550	0.000	3098.000	0.000
0	3600	0.000	3154.000	0.000
0	3650	1.000	3361.000	0.000
0	3700	0.000	3205.000	0.000
0	3750	3.000	3084.000	0.001
0	3800	1.000	3204.000	0.000
0	3850	0.000	3012.000	0.000
0	3900	0.000	3112.000	0.000
0	3950	0.000	3193.000	0.000
0	4000	1.000	3027.000	0.000
				
				
				
				
				
				
				
				
				
				
				
				
				
				
				
				
				
				
				
				
				
				
				
				
				
				
				
				
				
				
				
				
				
				
				
				
				
				
				
				
				
				
				
				
				
				
				
				
				
				
				
				
				
				
				
				
				
				
				
				
				
				
				
				
				
				
				
				
				
				
				
				
				
				
				
				
				
				
				
				
				
				
				
				
				
				
				
				
				
				
				
				
				
				
				
				
				
				
				
				
				
				
				
				
				
				
				
				
				
				
				
				
				
				
				
				
				
				
				
				
				
				
				
				
				
				
				
				
				
				
				
				
				
				
				
				
				
				
				
				
				
				
				
				
				
				
				
				
				
				
				
				
				
				
				
				
				
				
				
				
				
				
				
				
				
				
				
				
				
				
				
				
				
				
				
				
				
				
				
				
				
				
				
				
				
				
				
				
				
				
				
				
				
				
				
				
				
				
				
				
				
				
				
				
				
				
				
				
				
				
				
				
				
				
				
				
				
				
				
				
				
				
				
				
				
				
				
				
				
				
				
				
				
				
				
				
				
				
				
				
				
				
				
				
				
				
				
				
				
				
				
				
				
				
				
				
				
				
				
				
				
				
				
				
				
				
				
				
				
				
				
				
				
				
				
				
				
				
				
				
				
				
				
				
				
				
				
				
				
				
				
				
				
				
				
				
				
				
				
				
				
				
				
				
				
				
				
				
				
				
				
				
				
				
				
				
				
				
				
				
				
				
				
				
				
				
				
				
				
				
				
				
				
				
				
				
				
				
				
				
				
				
				
				
				
				
				
				
				
				
				
				
				
				
				
				
				
				
				
				
				
				
				
				
				
				
				
				
				
				
				
				
				
				
				
				
				
				
				
				
				
				
				
				
				
				
				
				
				
				
				
				
				
				
				
				
				
				
				
				
				
				
				
				
				
				
				
				
				
				
				
				
				
				
				
				
				
				
				
				
				
				
				
				
				
				
				
				
				
				
				
				
				
				
				
				
				
				
				
				
				
				
				
				
				
				
				
				
				
				
				
				
				
				
				
				
				
				
				
				
				
				
				
				
				
				
				
				
				
				
				
				
				
				
				
				
				
				
				
				
				
				
				
				
				
				
				
				
				
				
				
				
				
				
				
				
				
				
				
				
				
				
				
				
				
				
				
				
				
				
				
				
				
				
				
				
				
				
				
				
				
				
				
				
				
				
				
				
				
				
				
				
				
				
				
				
				
				
				
				
				
				
				
				
				
				
				
				
				
				
				
				
				
				
				
				
				
				
				
				
				
				
				
				
				
				
				
				
				
				
				
				
				
				
				
				
				
				
				
				
				
				
				
				
				
				
				
				
				
				
				
				
				
				
				
				
				
				
				
				
				
				
				
				
				
				
				
				
				
				
				
				
				
				
				
				
				
				
				
				
				
				
				
				
				
				
				
				
				
				
				
				
				
				
				
				
				
				
				
				
				
				
				
				
				
				
				
				
				
				
				
				
				
				
				
				
				
				
				
				
				
				
				
				
				
				
				
				
				
				
				
				
				
				
				
				
				
				
				
				
				
				
				
				
				
				
				
				
				
				
				
				
				
				
				
				
				
				
				
				
				
				
				
				
				
				
				
				
				
				
				
				
				
				
				
				
				
				
				
				
				
				
				
				
				
				
				
				
				
				
				
				
				
				
				
				
				
				
				
				
				
				
				
				
				
				
				
				
				
				
				
				
				
				
				
				
				
				
				
				
				
				
				
				
				
				
				
				
				
				
				
				
				
				
				
				
				
				
				
				
				
				
				
				
				
				
				
				
				
				
				
				
				
				
				
				
				
				
				
				
				
				
				
				
				
				
				
				
				
				
				
				
				
				
				
				
				
				
				
				
				
				
				
				
				
				
				
				
				
				
				
				
				
				
				
				
				
				
				
				
				
				
				
				
				
				
				
				
				
				
				
				
				
				
				
				
				
				
				
				
				
				
				
				
				
				
				
				
				
				
				
				
				
				
				
				
				
				
				
				
				
				
				
				
				
				
				
				
				
				
				
				
				
				
				
				
				
				
				
				
				
				
				
				
				
				
				
				
				
				
				
				
				
				
				
				
				
				
				
