0	0	0.000	0.000	NaN
0	100	0.000	1519.000	0.000
0	200	0.000	1513.000	0.000
0	300	0.000	1578.000	0.000
0	400	0.000	1600.000	0.000
0	500	0.000	1420.000	0.000
0	600	0.000	1480.000	0.000
0	700	0.000	1394.000	0.000
0	800	0.000	1322.000	0.000
0	900	0.000	1506.000	0.000
0	1000	0.000	1389.000	0.000
0	1100	0.000	1490.000	0.000
0	1200	0.000	1522.000	0.000
0	1300	0.000	1504.000	0.000
0	1400	0.000	1606.000	0.000
0	1500	0.000	1509.000	0.000
0	1600	1.000	1456.000	0.001
0	1700	0.000	1383.000	0.000
0	1800	0.000	1332.000	0.000
0	1900	0.000	1459.000	0.000
0	2000	0.000	1573.000	0.000
0	2100	2.000	1392.000	0.001
0	2200	1.000	1386.000	0.001
0	2300	0.000	1415.000	0.000
0	2400	7.000	1460.000	0.005
0	2500	8.000	1197.000	0.007
0	2600	2.000	1250.000	0.002
0	2700	3.000	1326.000	0.002
0	2800	9.000	1149.000	0.008
0	2900	9.000	1272.000	0.007
0	3000	4.000	1211.000	0.003
0	3100	12.000	1414.000	0.008
0	3200	10.000	1391.000	0.007
0	3300	1.000	1502.000	0.001
0	3400	19.000	1498.000	0.013
0	3500	17.000	1356.000	0.013
0	3600	27.000	1408.000	0.019
0	3700	20.000	1292.000	0.015
0	3800	25.000	1590.000	0.016
0	3900	36.000	1365.000	0.026
0	4000	37.000	1551.000	0.024
0	4100	23.000	1228.000	0.019
0	4200	21.000	1568.000	0.013
0	4300	28.000	1464.000	0.019
0	4400	29.000	1426.000	0.020
0	4500	31.000	1429.000	0.022
0	4600	38.000	1370.000	0.028
0	4700	37.000	1179.000	0.031
0	4800	22.000	1324.000	0.017
0	4900	10.000	1117.000	0.009
0	5000	9.000	1159.000	0.008
0	5100	9.000	1210.000	0.007
0	5200	13.000	1406.000	0.009
0	5300	3.000	1240.000	0.002
0	5400	1.000	1193.000	0.001
0	5500	2.000	1279.000	0.002
0	5600	4.000	1158.000	0.003
0	5700	1.000	1230.000	0.001
0	5800	1.000	1308.000	0.001
0	5900	0.000	1342.000	0.000
0	6000	1.000	1332.000	0.001
				
				
				
				
				
				
				
				
				
				
				
				
				
				
				
				
				
				
				
				
				
				
				
				
				
				
				
				
				
				
				
				
				
				
				
				
				
				
				
				
				
				
				
				
				
				
				
				
				
				
				
				
				
				
				
				
				
				
				
				
				
				
				
				
				
				
				
				
				
				
				
				
				
				
				
				
				
				
				
				
				
				
				
				
				
				
				
				
				
				
				
				
				
				
				
				
				
				
				
				
				
				
				
				
				
				
				
				
				
				
				
				
				
				
				
				
				
				
				
				
				
				
				
				
				
				
				
				
				
				
				
				
				
				
				
				
				
				
				
				
				
				
				
				
				
				
				
				
				
				
				
				
				
				
				
				
				
				
				
				
				
				
				
				
				
				
				
				
				
				
				
				
				
				
				
				
				
				
				
				
				
				
				
				
				
				
				
				
				
				
				
				
				
				
				
				
				
				
				
				
				
				
				
				
				
				
				
				
				
				
				
				
				
				
				
				
				
				
				
				
				
				
				
				
				
				
				
				
				
				
				
				
				
				
				
				
				
				
				
				
				
				
				
				
				
				
				
				
				
				
				
				
				
				
				
				
				
				
				
				
				
				
				
				
				
				
				
				
				
				
				
				
				
				
				
				
				
				
				
				
				
				
				
				
				
				
				
				
				
				
				
				
				
				
				
				
				
				
				
				
				
				
				
				
				
				
				
				
				
				
				
				
				
				
				
				
				
				
				
				
				
				
				
				
				
				
				
				
				
				
				
				
				
				
				
				
				
				
				
				
				
				
				
				
				
				
				
				
				
				
				
				
				
				
				
				
				
				
				
				
				
				
				
				
				
				
				
				
				
				
				
				
				
				
				
				
				
				
				
				
				
				
				
				
				
				
				
				
				
				
				
				
				
				
				
				
				
				
				
				
				
				
				
				
				
				
				
				
				
				
				
				
				
				
				
				
				
				
				
				
				
				
				
				
				
				
				
				
				
				
				
				
				
				
				
				
				
				
				
				
				
				
				
				
				
				
				
				
				
				
				
				
				
				
				
				
				
				
				
				
				
				
				
				
				
				
				
				
				
				
				
				
				
				
				
				
				
				
				
				
				
				
				
				
				
				
				
				
				
				
				
				
				
				
				
				
				
				
				
				
				
				
				
				
				
				
				
				
				
				
				
				
				
				
				
				
				
				
				
				
				
				
				
				
				
				
				
				
				
				
				
				
				
				
				
				
				
				
				
				
				
				
				
				
				
				
				
				
				
				
				
				
				
				
				
				
				
				
				
				
				
				
				
				
				
				
				
				
				
				
				
				
				
				
				
				
				
				
				
				
				
				
				
				
				
				
				
				
				
				
				
				
				
				
				
				
				
				
				
				
				
				
				
				
				
				
				
				
				
				
				
				
				
				
				
				
				
				
				
				
				
				
				
				
				
				
				
				
				
				
				
				
				
				
				
				
				
				
				
				
				
				
				
				
				
				
				
				
				
				
				
				
				
				
				
				
				
				
				
				
				
				
				
				
				
				
				
				
				
				
				
				
				
				
				
				
				
				
				
				
				
				
				
				
				
				
				
				
				
				
				
				
				
				
				
				
				
				
				
				
				
				
				
				
				
				
				
				
				
				
				
				
				
				
				
				
				
				
				
				
				
				
				
				
				
				
				
				
				
				
				
				
				
				
				
				
				
				
				
				
				
				
				
				
				
				
				
				
				
				
				
				
				
				
				
				
				
				
				
				
				
				
				
				
				
				
				
				
				
				
				
				
				
				
				
				
				
				
				
				
				
				
				
				
				
				
				
				
				
				
				
				
				
				
				
				
				
				
				
				
				
				
				
				
				
				
				
				
				
				
				
				
				
				
				
				
				
				
				
				
				
				
				
				
				
				
				
				
				
				
				
				
				
				
				
				
				
				
				
				
				
				
				
				
				
				
				
				
				
				
				
				
				
				
				
				
				
				
				
				
				
				
				
				
				
				
				
				
				
				
				
				
				
				
				
				
				
				
				
				
				
				
				
				
				
				
				
				
				
				
				
				
				
				
				
				
				
				
				
				
				
				
				
				
				
				
				
				
				
				
				
				
				
				
				
				
				
				
				
				
				
				
				
				
				
				
				
				
				
				
				
				
				
				
				
				
				
				
				
