0	0	0.000	3269.000	0.000
0	50	0.000	3207.000	0.000
0	100	0.000	3163.000	0.000
0	150	0.000	3038.000	0.000
0	200	0.000	3102.000	0.000
0	250	0.000	3070.000	0.000
0	300	0.000	3027.000	0.000
0	350	0.000	3087.000	0.000
0	400	0.000	3027.000	0.000
0	450	0.000	2995.000	0.000
0	500	0.000	3052.000	0.000
0	550	0.000	3061.000	0.000
0	600	0.000	2822.000	0.000
0	650	0.000	2998.000	0.000
0	700	0.000	2947.000	0.000
0	750	0.000	2999.000	0.000
0	800	0.000	2944.000	0.000
0	850	0.000	2999.000	0.000
0	900	0.000	2780.000	0.000
0	950	0.000	2714.000	0.000
0	1000	0.000	2732.000	0.000
0	1050	0.000	2932.000	0.000
0	1100	0.000	3005.000	0.000
0	1150	0.000	2916.000	0.000
0	1200	0.000	2939.000	0.000
0	1250	0.000	2868.000	0.000
0	1300	1.000	2856.000	0.000
0	1350	0.000	2971.000	0.000
0	1400	0.000	2960.000	0.000
0	1450	0.000	2814.000	0.000
0	1500	2.000	2972.000	0.001
0	1550	0.000	2958.000	0.000
0	1600	0.000	2991.000	0.000
0	1650	0.000	3015.000	0.000
0	1700	0.000	3030.000	0.000
0	1750	0.000	2835.000	0.000
0	1800	0.000	2882.000	0.000
0	1850	1.000	3009.000	0.000
0	1900	0.000	3153.000	0.000
0	1950	0.000	3107.000	0.000
0	2000	0.000	3035.000	0.000
0	2050	0.000	3191.000	0.000
0	2100	0.000	3081.000	0.000
0	2150	0.000	3077.000	0.000
0	2200	0.000	3034.000	0.000
0	2250	0.000	2990.000	0.000
0	2300	0.000	3020.000	0.000
0	2350	2.000	3021.000	0.001
0	2400	0.000	2808.000	0.000
0	2450	0.000	3023.000	0.000
0	2500	0.000	2993.000	0.000
0	2550	0.000	3066.000	0.000
0	2600	1.000	2975.000	0.000
0	2650	0.000	2489.000	0.000
0	2700	4.000	2880.000	0.001
0	2750	1.000	2827.000	0.000
0	2800	9.000	3014.000	0.003
0	2850	1.000	3180.000	0.000
0	2900	3.000	2967.000	0.001
0	2950	0.000	3149.000	0.000
0	3000	0.000	2974.000	0.000
0	3050	0.000	2972.000	0.000
0	3100	0.000	2865.000	0.000
0	3150	0.000	2992.000	0.000
0	3200	0.000	2951.000	0.000
0	3250	0.000	2842.000	0.000
0	3300	3.000	3092.000	0.001
0	3350	0.000	2940.000	0.000
0	3400	3.000	3199.000	0.001
0	3450	1.000	2960.000	0.000
0	3500	0.000	3126.000	0.000
0	3550	1.000	3171.000	0.000
0	3600	0.000	3131.000	0.000
0	3650	0.000	3138.000	0.000
0	3700	1.000	3030.000	0.000
0	3750	0.000	2928.000	0.000
0	3800	0.000	2771.000	0.000
0	3850	0.000	2734.000	0.000
0	3900	3.000	2726.000	0.001
0	3950	0.000	2723.000	0.000
0	4000	0.000	2694.000	0.000
0	4050	1.000	2591.000	0.000
0	4100	1.000	2753.000	0.000
0	4150	0.000	2841.000	0.000
0	4200	0.000	2560.000	0.000
0	4250	0.000	2629.000	0.000
0	4300	0.000	2713.000	0.000
				
				
				
				
				
				
				
				
				
				
				
				
				
				
				
				
				
				
				
				
				
				
				
				
				
				
				
				
				
				
				
				
				
				
				
				
				
				
				
				
				
				
				
				
				
				
				
				
				
				
				
				
				
				
				
				
				
				
				
				
				
				
				
				
				
				
				
				
				
				
				
				
				
				
				
				
				
				
				
				
				
				
				
				
				
				
				
				
				
				
				
				
				
				
				
				
				
				
				
				
				
				
				
				
				
				
				
				
				
				
				
				
				
				
				
				
				
				
				
				
				
				
				
				
				
				
				
				
				
				
				
				
				
				
				
				
				
				
				
				
				
				
				
				
				
				
				
				
				
				
				
				
				
				
				
				
				
				
				
				
				
				
				
				
				
				
				
				
				
				
				
				
				
				
				
				
				
				
				
				
				
				
				
				
				
				
				
				
				
				
				
				
				
				
				
				
				
				
				
				
				
				
				
				
				
				
				
				
				
				
				
				
				
				
				
				
				
				
				
				
				
				
				
				
				
				
				
				
				
				
				
				
				
				
				
				
				
				
				
				
				
				
				
				
				
				
				
				
				
				
				
				
				
				
				
				
				
				
				
				
				
				
				
				
				
				
				
				
				
				
				
				
				
				
				
				
				
				
				
				
				
				
				
				
				
				
				
				
				
				
				
				
				
				
				
				
				
				
				
				
				
				
				
				
				
				
				
				
				
				
				
				
				
				
				
				
				
				
				
				
				
				
				
				
				
				
				
				
				
				
				
				
				
				
				
				
				
				
				
				
				
				
				
				
				
				
				
				
				
				
				
				
				
				
				
				
				
				
				
				
				
				
				
				
				
				
				
				
				
				
				
				
				
				
				
				
				
				
				
				
				
				
				
				
				
				
				
				
				
				
				
				
				
				
				
				
				
				
				
				
				
				
				
				
				
				
				
				
				
				
				
				
				
				
				
				
				
				
				
				
				
				
				
				
				
				
				
				
				
				
				
				
				
				
				
				
				
				
				
				
				
				
				
				
				
				
				
				
				
				
				
				
				
				
				
				
				
				
				
				
				
				
				
				
				
				
				
				
				
				
				
				
				
				
				
				
				
				
				
				
				
				
				
				
				
				
				
				
				
				
				
				
				
				
				
				
				
				
				
				
				
				
				
				
				
				
				
				
				
				
				
				
				
				
				
				
				
				
				
				
				
				
				
				
				
				
				
				
				
				
				
				
				
				
				
				
				
				
				
				
				
				
				
				
				
				
				
				
				
				
				
				
				
				
				
				
				
				
				
				
				
				
				
				
				
				
				
				
				
				
				
				
				
				
				
				
				
				
				
				
				
				
				
				
				
				
				
				
				
				
				
				
				
				
				
				
				
				
				
				
				
				
				
				
				
				
				
				
				
				
				
				
				
				
				
				
				
				
				
				
				
				
				
				
				
				
				
				
				
				
				
				
				
				
				
				
				
				
				
				
				
				
				
				
				
				
				
				
				
				
				
				
				
				
				
				
				
				
				
				
				
				
				
				
				
				
				
				
				
				
				
				
				
				
				
				
				
				
				
				
				
				
				
				
				
				
				
				
				
				
				
				
				
				
				
				
				
				
				
				
				
				
				
				
				
				
				
				
				
				
				
				
				
				
				
				
				
				
				
				
				
				
				
				
				
				
				
				
				
				
				
				
				
				
				
				
				
				
				
				
				
				
				
				
				
				
				
				
				
				
				
				
				
				
				
				
				
				
				
				
				
				
				
				
				
				
				
				
				
				
				
				
				
				
				
				
				
				
				
				
				
				
				
				
				
				
				
				
				
				
				
				
				
				
				
				
				
				
				
				
				
				
				
				
				
				
				
				
				
				
				
				
				
				
				
				
				
				
				
				
				
				
				
				
				
				
				
				
				
				
				
				
				
				
				
				
				
				
				
				
				
				
				
				
				
				
				
				
				
				
				
				
				
				
				
				
				
				
				
				
				
				
				
				
				
				
				
				
				
				
				
				
				
				
				
				
				
				
				
				
				
				
				
				
				
				
				
				
				
				
				
				
				
				
				
				
				
				
				
				
				
				
				
				
				
				
				
				
				
				
				
				
				
