0	0	0.000	4415.000	0.000
0	50	0.000	4333.000	0.000
0	100	0.000	4291.000	0.000
0	150	0.000	4349.000	0.000
0	200	0.000	4184.000	0.000
0	250	0.000	4204.000	0.000
0	300	0.000	4326.000	0.000
0	350	2.000	4251.000	0.000
0	400	0.000	4144.000	0.000
0	450	0.000	4117.000	0.000
0	500	0.000	4381.000	0.000
0	550	0.000	4360.000	0.000
0	600	0.000	4200.000	0.000
0	650	0.000	4229.000	0.000
0	700	0.000	4367.000	0.000
0	750	2.000	4358.000	0.000
0	800	0.000	4417.000	0.000
0	850	0.000	4378.000	0.000
0	900	1.000	4396.000	0.000
0	950	0.000	4377.000	0.000
0	1000	0.000	4358.000	0.000
0	1050	1.000	4507.000	0.000
0	1100	1.000	4444.000	0.000
0	1150	2.000	4344.000	0.000
0	1200	0.000	4386.000	0.000
0	1250	2.000	4400.000	0.000
0	1300	1.000	4312.000	0.000
0	1350	0.000	4352.000	0.000
0	1400	3.000	4267.000	0.001
0	1450	1.000	4359.000	0.000
0	1500	2.000	4410.000	0.000
0	1550	3.000	4437.000	0.001
0	1600	3.000	4370.000	0.001
0	1650	0.000	4344.000	0.000
0	1700	2.000	4242.000	0.000
0	1750	4.000	4218.000	0.001
0	1800	2.000	4388.000	0.000
0	1850	0.000	4184.000	0.000
0	1900	2.000	4273.000	0.000
0	1950	3.000	4365.000	0.001
0	2000	0.000	4366.000	0.000
0	2050	4.000	4371.000	0.001
0	2100	1.000	4251.000	0.000
0	2150	2.000	4422.000	0.000
0	2200	2.000	4415.000	0.000
0	2250	0.000	4416.000	0.000
0	2300	10.000	4427.000	0.002
0	2350	41.000	4338.000	0.009
0	2400	52.000	4309.000	0.012
0	2450	38.000	4461.000	0.009
0	2500	13.000	4329.000	0.003
0	2550	23.000	4286.000	0.005
0	2600	4.000	4279.000	0.001
0	2650	4.000	4288.000	0.001
0	2700	6.000	4228.000	0.001
0	2750	3.000	4292.000	0.001
0	2800	1.000	4205.000	0.000
0	2850	2.000	4231.000	0.000
0	2900	3.000	4305.000	0.001
0	2950	2.000	4373.000	0.000
0	3000	5.000	4240.000	0.001
0	3050	11.000	4253.000	0.003
0	3100	9.000	4414.000	0.002
0	3150	6.000	4383.000	0.001
0	3200	4.000	4403.000	0.001
0	3250	1.000	4461.000	0.000
0	3300	1.000	4386.000	0.000
0	3350	0.000	4277.000	0.000
0	3400	1.000	4332.000	0.000
0	3450	0.000	4447.000	0.000
0	3500	0.000	4412.000	0.000
0	3550	2.000	4417.000	0.000
0	3600	0.000	4333.000	0.000
0	3650	0.000	4302.000	0.000
0	3700	2.000	4490.000	0.000
0	3750	2.000	4381.000	0.000
0	3800	2.000	4308.000	0.000
0	3850	4.000	4300.000	0.001
0	3900	0.000	4483.000	0.000
0	3950	4.000	4502.000	0.001
0	4000	1.000	4464.000	0.000
0	4050	0.000	4470.000	0.000
0	4100	0.000	4362.000	0.000
0	4150	4.000	4333.000	0.001
0	4200	1.000	4460.000	0.000
0	4250	0.000	4520.000	0.000
0	4300	4.000	4338.000	0.001
				
				
				
				
				
				
				
				
				
				
				
				
				
				
				
				
				
				
				
				
				
				
				
				
				
				
				
				
				
				
				
				
				
				
				
				
				
				
				
				
				
				
				
				
				
				
				
				
				
				
				
				
				
				
				
				
				
				
				
				
				
				
				
				
				
				
				
				
				
				
				
				
				
				
				
				
				
				
				
				
				
				
				
				
				
				
				
				
				
				
				
				
				
				
				
				
				
				
				
				
				
				
				
				
				
				
				
				
				
				
				
				
				
				
				
				
				
				
				
				
				
				
				
				
				
				
				
				
				
				
				
				
				
				
				
				
				
				
				
				
				
				
				
				
				
				
				
				
				
				
				
				
				
				
				
				
				
				
				
				
				
				
				
				
				
				
				
				
				
				
				
				
				
				
				
				
				
				
				
				
				
				
				
				
				
				
				
				
				
				
				
				
				
				
				
				
				
				
				
				
				
				
				
				
				
				
				
				
				
				
				
				
				
				
				
				
				
				
				
				
				
				
				
				
				
				
				
				
				
				
				
				
				
				
				
				
				
				
				
				
				
				
				
				
				
				
				
				
				
				
				
				
				
				
				
				
				
				
				
				
				
				
				
				
				
				
				
				
				
				
				
				
				
				
				
				
				
				
				
				
				
				
				
				
				
				
				
				
				
				
				
				
				
				
				
				
				
				
				
				
				
				
				
				
				
				
				
				
				
				
				
				
				
				
				
				
				
				
				
				
				
				
				
				
				
				
				
				
				
				
				
				
				
				
				
				
				
				
				
				
				
				
				
				
				
				
				
				
				
				
				
				
				
				
				
				
				
				
				
				
				
				
				
				
				
				
				
				
				
				
				
				
				
				
				
				
				
				
				
				
				
				
				
				
				
				
				
				
				
				
				
				
				
				
				
				
				
				
				
				
				
				
				
				
				
				
				
				
				
				
				
				
				
				
				
				
				
				
				
				
				
				
				
				
				
				
				
				
				
				
				
				
				
				
				
				
				
				
				
				
				
				
				
				
				
				
				
				
				
				
				
				
				
				
				
				
				
				
				
				
				
				
				
				
				
				
				
				
				
				
				
				
				
				
				
				
				
				
				
				
				
				
				
				
				
				
				
				
				
				
				
				
				
				
				
				
				
				
				
				
				
				
				
				
				
				
				
				
				
				
				
				
				
				
				
				
				
				
				
				
				
				
				
				
				
				
				
				
				
				
				
				
				
				
				
				
				
				
				
				
				
				
				
				
				
				
				
				
				
				
				
				
				
				
				
				
				
				
				
				
				
				
				
				
				
				
				
				
				
				
				
				
				
				
				
				
				
				
				
				
				
				
				
				
				
				
				
				
				
				
				
				
				
				
				
				
				
				
				
				
				
				
				
				
				
				
				
				
				
				
				
				
				
				
				
				
				
				
				
				
				
				
				
				
				
				
				
				
				
				
				
				
				
				
				
				
				
				
				
				
				
				
				
				
				
				
				
				
				
				
				
				
				
				
				
				
				
				
				
				
				
				
				
				
				
				
				
				
				
				
				
				
				
				
				
				
				
				
				
				
				
				
				
				
				
				
				
				
				
				
				
				
				
				
				
				
				
				
				
				
				
				
				
				
				
				
				
				
				
				
				
				
				
				
				
				
				
				
				
				
				
				
				
				
				
				
				
				
				
				
				
				
				
				
				
				
				
				
				
				
				
				
				
				
				
				
				
				
				
				
				
				
				
				
				
				
				
				
				
				
				
				
				
				
				
				
				
				
				
				
				
				
				
				
				
				
				
				
				
				
				
				
				
				
				
				
				
				
				
				
				
				
				
				
				
				
				
				
				
				
				
				
				
				
				
				
				
				
				
				
				
				
				
				
				
				
				
				
				
				
				
				
				
				
				
				
				
				
				
				
				
				
				
				
				
				
				
				
				
				
				
				
				
				
				
				
				
				
				
				
				
				
				
				
				
				
				
				
				
				
				
				
				
				
				
				
				
				
				
				
				
				
				
				
				
				
				
				
				
				
				
				
				
				
				
				
				
				
				
				
				
				
				
				
				
				
				
				
				
				
				
				
				
				
				
				
				
				
				
				
				
				
				
