0	0	0.000	3269.000	0.000
0	50	0.000	3203.000	0.000
0	100	0.000	3062.000	0.000
0	150	0.000	3145.000	0.000
0	200	0.000	3160.000	0.000
0	250	0.000	3030.000	0.000
0	300	0.000	3142.000	0.000
0	350	0.000	3161.000	0.000
0	400	0.000	3068.000	0.000
0	450	0.000	3107.000	0.000
0	500	0.000	2957.000	0.000
0	550	0.000	3147.000	0.000
0	600	0.000	3001.000	0.000
0	650	0.000	2974.000	0.000
0	700	0.000	3066.000	0.000
0	750	0.000	2982.000	0.000
0	800	0.000	2935.000	0.000
0	850	0.000	3084.000	0.000
0	900	0.000	2939.000	0.000
0	950	0.000	3005.000	0.000
0	1000	0.000	2964.000	0.000
0	1050	0.000	3086.000	0.000
0	1100	0.000	3112.000	0.000
0	1150	0.000	3002.000	0.000
0	1200	0.000	2907.000	0.000
0	1250	0.000	3253.000	0.000
0	1300	2.000	3074.000	0.001
0	1350	0.000	2983.000	0.000
0	1400	0.000	3133.000	0.000
0	1450	0.000	3066.000	0.000
0	1500	0.000	2804.000	0.000
0	1550	3.000	3098.000	0.001
0	1600	1.000	3051.000	0.000
0	1650	3.000	3213.000	0.001
0	1700	4.000	3066.000	0.001
0	1750	4.000	3303.000	0.001
0	1800	5.000	3206.000	0.002
0	1850	3.000	3128.000	0.001
0	1900	0.000	3558.000	0.000
0	1950	1.000	2947.000	0.000
0	2000	0.000	3138.000	0.000
0	2050	0.000	2995.000	0.000
0	2100	0.000	2982.000	0.000
0	2150	0.000	3188.000	0.000
0	2200	3.000	3150.000	0.001
0	2250	4.000	3294.000	0.001
0	2300	3.000	3058.000	0.001
0	2350	3.000	3133.000	0.001
0	2400	0.000	3120.000	0.000
0	2450	1.000	2989.000	0.000
0	2500	0.000	2891.000	0.000
0	2550	0.000	3091.000	0.000
0	2600	2.000	2866.000	0.001
0	2650	2.000	2802.000	0.001
0	2700	0.000	2991.000	0.000
0	2750	0.000	2806.000	0.000
0	2800	0.000	2854.000	0.000
0	2850	0.000	2801.000	0.000
0	2900	1.000	2733.000	0.000
0	2950	0.000	2830.000	0.000
0	3000	0.000	2726.000	0.000
0	3050	0.000	2794.000	0.000
0	3100	0.000	2964.000	0.000
0	3150	0.000	3014.000	0.000
0	3200	1.000	3001.000	0.000
0	3250	0.000	3080.000	0.000
0	3300	1.000	3092.000	0.000
0	3350	0.000	3121.000	0.000
0	3400	0.000	2997.000	0.000
0	3450	0.000	3220.000	0.000
0	3500	0.000	3082.000	0.000
0	3550	0.000	3046.000	0.000
0	3600	0.000	2968.000	0.000
0	3650	0.000	3148.000	0.000
0	3700	0.000	3252.000	0.000
0	3750	0.000	3003.000	0.000
0	3800	0.000	3157.000	0.000
0	3850	0.000	3020.000	0.000
0	3900	0.000	3049.000	0.000
0	3950	0.000	3125.000	0.000
0	4000	0.000	2919.000	0.000
0	4050	0.000	2953.000	0.000
0	4100	0.000	3015.000	0.000
0	4150	0.000	2856.000	0.000
0	4200	0.000	2962.000	0.000
0	4250	0.000	2784.000	0.000
0	4300	0.000	2915.000	0.000
0	4350	0.000	2960.000	0.000
0	4400	0.000	3009.000	0.000
0	4450	0.000	2971.000	0.000
0	4500	0.000	2937.000	0.000
				
				
				
				
				
				
				
				
				
				
				
				
				
				
				
				
				
				
				
				
				
				
				
				
				
				
				
				
				
				
				
				
				
				
				
				
				
				
				
				
				
				
				
				
				
				
				
				
				
				
				
				
				
				
				
				
				
				
				
				
				
				
				
				
				
				
				
				
				
				
				
				
				
				
				
				
				
				
				
				
				
				
				
				
				
				
				
				
				
				
				
				
				
				
				
				
				
				
				
				
				
				
				
				
				
				
				
				
				
				
				
				
				
				
				
				
				
				
				
				
				
				
				
				
				
				
				
				
				
				
				
				
				
				
				
				
				
				
				
				
				
				
				
				
				
				
				
				
				
				
				
				
				
				
				
				
				
				
				
				
				
				
				
				
				
				
				
				
				
				
				
				
				
				
				
				
				
				
				
				
				
				
				
				
				
				
				
				
				
				
				
				
				
				
				
				
				
				
				
				
				
				
				
				
				
				
				
				
				
				
				
				
				
				
				
				
				
				
				
				
				
				
				
				
				
				
				
				
				
				
				
				
				
				
				
				
				
				
				
				
				
				
				
				
				
				
				
				
				
				
				
				
				
				
				
				
				
				
				
				
				
				
				
				
				
				
				
				
				
				
				
				
				
				
				
				
				
				
				
				
				
				
				
				
				
				
				
				
				
				
				
				
				
				
				
				
				
				
				
				
				
				
				
				
				
				
				
				
				
				
				
				
				
				
				
				
				
				
				
				
				
				
				
				
				
				
				
				
				
				
				
				
				
				
				
				
				
				
				
				
				
				
				
				
				
				
				
				
				
				
				
				
				
				
				
				
				
				
				
				
				
				
				
				
				
				
				
				
				
				
				
				
				
				
				
				
				
				
				
				
				
				
				
				
				
				
				
				
				
				
				
				
				
				
				
				
				
				
				
				
				
				
				
				
				
				
				
				
				
				
				
				
				
				
				
				
				
				
				
				
				
				
				
				
				
				
				
				
				
				
				
				
				
				
				
				
				
				
				
				
				
				
				
				
				
				
				
				
				
				
				
				
				
				
				
				
				
				
				
				
				
				
				
				
				
				
				
				
				
				
				
				
				
				
				
				
				
				
				
				
				
				
				
				
				
				
				
				
				
				
				
				
				
				
				
				
				
				
				
				
				
				
				
				
				
				
				
				
				
				
				
				
				
				
				
				
				
				
				
				
				
				
				
				
				
				
				
				
				
				
				
				
				
				
				
				
				
				
				
				
				
				
				
				
				
				
				
				
				
				
				
				
				
				
				
				
				
				
				
				
				
				
				
				
				
				
				
				
				
				
				
				
				
				
				
				
				
				
				
				
				
				
				
				
				
				
				
				
				
				
				
				
				
				
				
				
				
				
				
				
				
				
				
				
				
				
				
				
				
				
				
				
				
				
				
				
				
				
				
				
				
				
				
				
				
				
				
				
				
				
				
				
				
				
				
				
				
				
				
				
				
				
				
				
				
				
				
				
				
				
				
				
				
				
				
				
				
				
				
				
				
				
				
				
				
				
				
				
				
				
				
				
				
				
				
				
				
				
				
				
				
				
				
				
				
				
				
				
				
				
				
				
				
				
				
				
				
				
				
				
				
				
				
				
				
				
				
				
				
				
				
				
				
				
				
				
				
				
				
				
				
				
				
				
				
				
				
				
				
				
				
				
				
				
				
				
				
				
				
				
				
				
				
				
				
				
				
				
				
				
				
				
				
				
				
				
				
				
				
				
				
				
				
				
				
				
				
				
				
				
				
				
				
				
				
				
				
				
				
				
				
				
				
				
				
				
				
				
				
				
				
				
				
				
				
				
				
				
				
				
				
				
				
				
				
				
				
				
				
				
				
				
				
				
				
				
				
				
				
				
				
				
				
				
				
				
				
				
				
				
				
				
				
				
				
				
				
				
				
				
				
				
				
				
				
				
				
				
				
				
				
				
				
				
				
				
				
				
				
				
				
				
				
				
				
				
				
				
				
				
				
				
				
				
				
				
				
				
				
				
				
				
				
				
				
				
				
				
				
				
				
				
				
				
				
				
				
				
				
				
				
				
				
				
				
				
				
				
				
