0	0	27.000	4363.000	0.006
0	0	42.000	4324.000	0.010
0	0	32.000	4336.000	0.007
0	0	24.000	4417.000	0.005
0	0	48.000	4378.000	0.011
0	0	29.000	4300.000	0.007
0	0	37.000	4301.000	0.009
0	0	34.000	4413.000	0.008
0	0	39.000	4271.000	0.009
0	0	39.000	4298.000	0.009
0	0	38.000	4335.000	0.009
0	0	33.000	4306.000	0.008
0	0	38.000	4397.000	0.009
0	0	25.000	4272.000	0.006
0	0	40.000	4309.000	0.009
0	0	22.000	4372.000	0.005
0	0	22.000	4342.000	0.005
0	0	39.000	4382.000	0.009
0	0	31.000	4318.000	0.007
0	0	32.000	4283.000	0.007
0	0	32.000	4324.000	0.007
0	0	23.000	4349.000	0.005
0	0	62.000	4407.000	0.014
0	0	45.000	4289.000	0.010
0	0	63.000	4302.000	0.015
0	0	52.000	4354.000	0.012
0	0	50.000	4364.000	0.011
0	0	172.000	4345.000	0.040
0	0	163.000	4158.000	0.039
0	0	163.000	4158.000	0.039
0	0	192.000	4213.000	0.046
0	0	162.000	4300.000	0.038
0	0	11.000	4334.000	0.003
0	0	19.000	4214.000	0.005
0	0	10.000	4188.000	0.002
0	0	15.000	4257.000	0.004
0	0	17.000	4202.000	0.004
0	0	20.000	4345.000	0.005
0	0	14.000	4281.000	0.003
0	0	19.000	4347.000	0.004
0	0	7.000	4385.000	0.002
0	0	13.000	4385.000	0.003
0	0	10.000	4428.000	0.002
0	0	24.000	4364.000	0.005
0	0	11.000	4268.000	0.003
0	0	25.000	4279.000	0.006
0	0	25.000	4365.000	0.006
0	0	17.000	4379.000	0.004
0	0	307.000	4351.000	0.071
0	0	374.000	4468.000	0.084
0	0	293.000	4238.000	0.069
0	0	3944.000	4299.000	0.917
0	0	22.000	4330.000	0.005
0	0	9.000	4295.000	0.002
0	0	31.000	4220.000	0.007
0	0	21.000	4394.000	0.005
0	0	17.000	4271.000	0.004
0	0	33.000	4395.000	0.008
0	0	36.000	4318.000	0.008
0	0	25.000	4226.000	0.006
0	0	22.000	4173.000	0.005
0	0	323.000	4325.000	0.075
0	0	330.000	4299.000	0.077
0	0	351.000	4385.000	0.080
0	0	371.000	4375.000	0.085
0	0	122.000	4354.000	0.028
0	0	159.000	4463.000	0.036
0	0	130.000	4442.000	0.029
0	0	132.000	4303.000	0.031
0	0	826.000	4286.000	0.193
0	0	1013.000	4383.000	0.231
0	0	988.000	4310.000	0.229
0	0	1130.000	4490.000	0.252
0	0	4138.000	4395.000	0.942
0	0	3850.000	4391.000	0.877
0	0	3858.000	4424.000	0.872
0	0	3970.000	4452.000	0.892
0	0	1143.000	4434.000	0.258
0	0	1189.000	4434.000	0.268
0	0	1328.000	4495.000	0.295
0	0	1128.000	4362.000	0.259
0	0	57.000	4400.000	0.013
0	0	62.000	4435.000	0.014
0	0	73.000	4373.000	0.017
0	0	72.000	4379.000	0.016
0	0	147.000	4434.000	0.033
0	0	127.000	4382.000	0.029
0	0	116.000	4355.000	0.027
0	0	142.000	4340.000	0.033
0	0	38.000	4410.000	0.009
0	0	34.000	4408.000	0.008
0	0	44.000	4427.000	0.010
0	0	36.000	4381.000	0.008
0	0	29.000	4393.000	0.007
0	0	37.000	4443.000	0.008
0	0	37.000	4443.000	0.008
0	0	31.000	4397.000	0.007
0	0	19.000	4442.000	0.004
0	0	14.000	4412.000	0.003
0	0	32.000	4482.000	0.007
0	0	50.000	4475.000	0.011
0	0	39.000	4473.000	0.009
0	0	52.000	4510.000	0.012
0	0	43.000	4578.000	0.009
0	0	33.000	4492.000	0.007
0	0	29.000	4495.000	0.006
0	0	38.000	4518.000	0.008
0	0	45.000	4493.000	0.010
0	0	40.000	4544.000	0.009
0	0	29.000	4535.000	0.006
0	0	23.000	4507.000	0.005
0	0	26.000	4493.000	0.006
0	0	25.000	4413.000	0.006
0	0	22.000	4491.000	0.005
0	0	22.000	4507.000	0.005
0	0	21.000	4525.000	0.005
0	0	19.000	4502.000	0.004
0	0	14.000	4396.000	0.003
0	0	35.000	4405.000	0.008
0	0	15.000	4522.000	0.003
0	0	17.000	4398.000	0.004
				
				
				
				
				
				
				
				
				
				
				
				
				
				
				
				
				
				
				
				
				
				
				
				
				
				
				
				
				
				
				
				
				
				
				
				
				
				
				
				
				
				
				
				
				
				
				
				
				
				
				
				
				
				
				
				
				
				
				
				
				
				
				
				
				
				
				
				
				
				
				
				
				
				
				
				
				
				
				
				
				
				
				
				
				
				
				
				
				
				
				
				
				
				
				
				
				
				
				
				
				
				
				
				
				
				
				
				
				
				
				
				
				
				
				
				
				
				
				
				
				
				
				
				
				
				
				
				
				
				
				
				
				
				
				
				
				
				
				
				
				
				
				
				
				
				
				
				
				
				
				
				
				
				
				
				
				
				
				
				
				
				
				
				
				
				
				
				
				
				
				
				
				
				
				
				
				
				
				
				
				
				
				
				
				
				
				
				
				
				
				
				
				
				
				
				
				
				
				
				
				
				
				
				
				
				
				
				
				
				
				
				
				
				
				
				
				
				
				
				
				
				
				
				
				
				
				
				
				
				
				
				
				
				
				
				
				
				
				
				
				
				
				
				
				
				
				
				
				
				
				
				
				
				
				
				
				
				
				
				
				
				
				
				
				
				
				
				
				
				
				
				
				
				
				
				
				
				
				
				
				
				
				
				
				
				
				
				
				
				
				
				
				
				
				
				
				
				
				
				
				
				
				
				
				
				
				
				
				
				
				
				
				
				
				
				
				
				
				
				
				
				
				
				
				
				
				
				
				
				
				
				
				
				
				
				
				
				
				
				
				
				
				
				
				
				
				
				
				
				
				
				
				
				
				
				
				
				
				
				
				
				
				
				
				
				
				
				
				
				
				
				
				
				
				
				
				
