0	0	0.000	3234.000	0.000
0	50	1.000	3196.000	0.000
0	100	0.000	3201.000	0.000
0	150	0.000	3000.000	0.000
0	200	0.000	2935.000	0.000
0	250	0.000	3023.000	0.000
0	300	0.000	3085.000	0.000
0	350	0.000	3217.000	0.000
0	400	0.000	3085.000	0.000
0	450	0.000	3126.000	0.000
0	500	0.000	3158.000	0.000
0	550	0.000	3164.000	0.000
0	600	0.000	3173.000	0.000
0	650	0.000	3229.000	0.000
0	700	0.000	3245.000	0.000
0	750	0.000	3096.000	0.000
0	800	2.000	3064.000	0.001
0	850	0.000	3232.000	0.000
0	900	0.000	3297.000	0.000
0	950	0.000	3139.000	0.000
0	1000	0.000	3203.000	0.000
0	1050	0.000	3122.000	0.000
0	1100	0.000	3193.000	0.000
0	1150	0.000	3177.000	0.000
0	1200	0.000	3071.000	0.000
0	1250	0.000	2990.000	0.000
0	1300	0.000	3183.000	0.000
0	1350	0.000	3140.000	0.000
0	1400	0.000	3078.000	0.000
0	1450	2.000	3241.000	0.001
0	1500	0.000	3114.000	0.000
0	1550	0.000	2913.000	0.000
0	1600	2.000	2993.000	0.001
0	1650	0.000	2931.000	0.000
0	1700	0.000	3154.000	0.000
0	1750	0.000	3147.000	0.000
0	1800	0.000	2923.000	0.000
0	1850	0.000	3061.000	0.000
0	1900	2.000	3093.000	0.001
0	1950	0.000	3272.000	0.000
0	2000	0.000	3142.000	0.000
0	2050	0.000	3154.000	0.000
0	2100	0.000	3173.000	0.000
0	2150	0.000	3183.000	0.000
0	2200	0.000	3235.000	0.000
0	2250	0.000	3202.000	0.000
0	2300	7.000	3160.000	0.002
0	2350	10.000	3098.000	0.003
0	2400	23.000	2975.000	0.008
0	2450	18.000	3087.000	0.006
0	2500	5.000	3026.000	0.002
0	2550	2.000	3021.000	0.001
0	2600	4.000	2991.000	0.001
0	2650	0.000	3085.000	0.000
0	2700	0.000	2977.000	0.000
0	2750	0.000	3073.000	0.000
0	2800	0.000	3160.000	0.000
0	2850	0.000	3092.000	0.000
0	2900	0.000	3094.000	0.000
0	2950	3.000	3036.000	0.001
0	3000	9.000	3163.000	0.003
0	3050	15.000	3085.000	0.005
0	3100	6.000	2924.000	0.002
0	3150	1.000	3035.000	0.000
0	3200	3.000	3000.000	0.001
0	3250	0.000	3224.000	0.000
0	3300	0.000	3190.000	0.000
0	3350	0.000	3118.000	0.000
0	3400	5.000	3078.000	0.002
0	3450	1.000	3161.000	0.000
0	3500	0.000	3125.000	0.000
0	3550	0.000	3011.000	0.000
0	3600	0.000	3084.000	0.000
0	3650	0.000	3030.000	0.000
0	3700	0.000	3183.000	0.000
0	3750	0.000	3005.000	0.000
0	3800	0.000	3138.000	0.000
0	3850	1.000	3128.000	0.000
0	3900	0.000	3174.000	0.000
0	3950	0.000	3250.000	0.000
0	4000	1.000	3156.000	0.000
0	4050	0.000	0.000	NaN
0	4100	1.000	3226.000	0.000
0	4150	0.000	3224.000	0.000
0	4200	0.000	3211.000	0.000
0	4250	0.000	3203.000	0.000
0	4300	0.000	3170.000	0.000
0	4350	0.000	3210.000	0.000
0	4400	0.000	3231.000	0.000
0	4450	2.000	3179.000	0.001
0	4500	0.000	3103.000	0.000
				
				
				
				
				
				
				
				
				
				
				
				
				
				
				
				
				
				
				
				
				
				
				
				
				
				
				
				
				
				
				
				
				
				
				
				
				
				
				
				
				
				
				
				
				
				
				
				
				
				
				
				
				
				
				
				
				
				
				
				
				
				
				
				
				
				
				
				
				
				
				
				
				
				
				
				
				
				
				
				
				
				
				
				
				
				
				
				
				
				
				
				
				
				
				
				
				
				
				
				
				
				
				
				
				
				
				
				
				
				
				
				
				
				
				
				
				
				
				
				
				
				
				
				
				
				
				
				
				
				
				
				
				
				
				
				
				
				
				
				
				
				
				
				
				
				
				
				
				
				
				
				
				
				
				
				
				
				
				
				
				
				
				
				
				
				
				
				
				
				
				
				
				
				
				
				
				
				
				
				
				
				
				
				
				
				
				
				
				
				
				
				
				
				
				
				
				
				
				
				
				
				
				
				
				
				
				
				
				
				
				
				
				
				
				
				
				
				
				
				
				
				
				
				
				
				
				
				
				
				
				
				
				
				
				
				
				
				
				
				
				
				
				
				
				
				
				
				
				
				
				
				
				
				
				
				
				
				
				
				
				
				
				
				
				
				
				
				
				
				
				
				
				
				
				
				
				
				
				
				
				
				
				
				
				
				
				
				
				
				
				
				
				
				
				
				
				
				
				
				
				
				
				
				
				
				
				
				
				
				
				
				
				
				
				
				
				
				
				
				
				
				
				
				
				
				
				
				
				
				
				
				
				
				
				
				
				
				
				
				
				
				
				
				
				
				
				
				
				
				
				
				
				
				
				
				
				
				
				
				
				
				
				
				
				
				
				
				
				
				
				
				
				
				
				
				
				
				
				
				
				
				
				
				
				
				
				
				
				
				
				
				
				
				
				
				
				
				
				
				
				
				
				
				
				
				
				
				
				
				
				
				
				
				
				
				
				
				
				
				
				
				
				
				
				
				
				
				
				
				
				
				
				
				
				
				
				
				
				
				
				
				
				
				
				
				
				
				
				
				
				
				
				
				
				
				
				
				
				
				
				
				
				
				
				
				
				
				
				
				
				
				
				
				
				
				
				
				
				
				
				
				
				
				
				
				
				
				
				
				
				
				
				
				
				
				
				
				
				
				
				
				
				
				
				
				
				
				
				
				
				
				
				
				
				
				
				
				
				
				
				
				
				
				
				
				
				
				
				
				
				
				
				
				
				
				
				
				
				
				
				
				
				
				
				
				
				
				
				
				
				
				
				
				
				
				
				
				
				
				
				
				
				
				
				
				
				
				
				
				
				
				
				
				
				
				
				
				
				
				
				
				
				
				
				
				
				
				
				
				
				
				
				
				
				
				
				
				
				
				
				
				
				
				
				
				
				
				
				
				
				
				
				
				
				
				
				
				
				
				
				
				
				
				
				
				
				
				
				
				
				
				
				
				
				
				
				
				
				
				
				
				
				
				
				
				
				
				
				
				
				
				
				
				
				
				
				
				
				
				
				
				
				
				
				
				
				
				
				
				
				
				
				
				
				
				
				
				
				
				
				
				
				
				
				
				
				
				
				
				
				
				
				
				
				
				
				
				
				
				
				
				
				
				
				
				
				
				
				
				
				
				
				
				
				
				
				
				
				
				
				
				
				
				
				
				
				
				
				
				
				
				
				
				
				
				
				
				
				
				
				
				
				
				
				
				
				
				
				
				
				
				
				
				
				
				
				
				
				
				
				
				
				
				
				
				
				
				
				
				
				
				
				
				
				
				
				
				
				
				
				
				
				
				
				
				
				
				
				
				
				
				
				
				
				
				
				
				
				
				
				
				
				
				
				
				
				
				
				
				
				
				
				
				
				
				
				
				
				
				
				
				
				
				
				
				
				
				
				
				
				
				
				
				
				
				
				
				
				
				
				
				
				
				
				
				
				
				
				
				
				
				
				
				
				
				
				
				
				
				
				
				
				
				
				
				
				
				
				
				
				
				
				
				
				
				
				
				
				
				
				
				
				
				
				
				
				
				
				
				
				
				
				
				
				
				
				
				
				
				
				
				
				
				
				
				
				
				
				
