0	0	0.000	4436.000	0.000
0	50	0.000	4424.000	0.000
0	100	0.000	4414.000	0.000
0	150	0.000	4509.000	0.000
0	200	0.000	4467.000	0.000
0	250	0.000	4447.000	0.000
0	300	2.000	4425.000	0.000
0	350	1.000	4512.000	0.000
0	400	1.000	4415.000	0.000
0	450	1.000	4459.000	0.000
0	500	1.000	4519.000	0.000
0	550	2.000	4474.000	0.000
0	600	3.000	4460.000	0.001
0	650	0.000	4444.000	0.000
0	700	3.000	4380.000	0.001
0	750	3.000	4453.000	0.001
0	800	0.000	4393.000	0.000
0	850	0.000	4408.000	0.000
0	900	1.000	4364.000	0.000
0	950	0.000	4480.000	0.000
0	1000	3.000	4471.000	0.001
0	1050	3.000	4370.000	0.001
0	1100	3.000	4475.000	0.001
0	1150	13.000	4529.000	0.003
0	1200	51.000	4492.000	0.011
0	1250	66.000	4317.000	0.015
0	1300	41.000	4139.000	0.010
0	1350	29.000	4205.000	0.007
0	1400	5.000	4354.000	0.001
0	1450	6.000	4540.000	0.001
0	1500	3.000	4479.000	0.001
0	1550	1.000	4343.000	0.000
0	1600	2.000	4376.000	0.000
0	1650	7.000	4513.000	0.002
0	1700	3.000	4476.000	0.001
0	1750	1.000	4485.000	0.000
0	1800	4.000	4485.000	0.001
0	1850	14.000	4399.000	0.003
0	1900	26.000	4448.000	0.006
0	1950	19.000	4557.000	0.004
0	2000	10.000	4542.000	0.002
0	2050	10.000	4427.000	0.002
0	2100	7.000	4397.000	0.002
0	2150	4.000	4493.000	0.001
0	2200	2.000	4404.000	0.000
0	2250	6.000	4550.000	0.001
0	2300	3.000	4415.000	0.001
0	2350	3.000	4429.000	0.001
0	2400	27.000	4441.000	0.006
0	2450	68.000	4458.000	0.015
0	2500	38.000	4386.000	0.009
0	2550	3.000	4486.000	0.001
0	2600	0.000	4427.000	0.000
0	2650	1.000	4496.000	0.000
0	2700	1.000	4514.000	0.000
0	2750	0.000	4537.000	0.000
0	2800	3.000	4499.000	0.001
0	2850	5.000	4492.000	0.001
0	2900	3.000	4482.000	0.001
0	2950	0.000	4460.000	0.000
0	3000	2.000	4492.000	0.000
				
				
				
				
				
				
				
				
				
				
				
				
				
				
				
				
				
				
				
				
				
				
				
				
				
				
				
				
				
				
				
				
				
				
				
				
				
				
				
				
				
				
				
				
				
				
				
				
				
				
				
				
				
				
				
				
				
				
				
				
				
				
				
				
				
				
				
				
				
				
				
				
				
				
				
				
				
				
				
				
				
				
				
				
				
				
				
				
				
				
				
				
				
				
				
				
				
				
				
				
				
				
				
				
				
				
				
				
				
				
				
				
				
				
				
				
				
				
				
				
				
				
				
				
				
				
				
				
				
				
				
				
				
				
				
				
				
				
				
				
				
				
				
				
				
				
				
				
				
				
				
				
				
				
				
				
				
				
				
				
				
				
				
				
				
				
				
				
				
				
				
				
				
				
				
				
				
				
				
				
				
				
				
				
				
				
				
				
				
				
				
				
				
				
				
				
				
				
				
				
				
				
				
				
				
				
				
				
				
				
				
				
				
				
				
				
				
				
				
				
				
				
				
				
				
				
				
				
				
				
				
				
				
				
				
				
				
				
				
				
				
				
				
				
				
				
				
				
				
				
				
				
				
				
				
				
				
				
				
				
				
				
				
				
				
				
				
				
				
				
				
				
				
				
				
				
				
				
				
				
				
				
				
				
				
				
				
				
				
				
				
				
				
				
				
				
				
				
				
				
				
				
				
				
				
				
				
				
				
				
				
				
				
				
				
				
				
				
				
				
				
				
				
				
				
				
				
				
				
				
				
				
				
				
				
				
				
				
				
				
				
				
				
				
				
				
				
				
				
				
				
				
				
				
				
				
				
				
				
				
				
				
				
				
				
				
				
				
				
				
				
				
				
				
				
				
				
				
				
				
				
				
				
				
				
				
				
				
				
				
				
				
				
				
				
				
				
				
				
				
				
				
				
				
				
				
				
				
				
				
				
				
				
				
				
				
				
				
				
				
				
				
				
				
				
				
				
				
				
				
				
				
				
				
				
				
				
				
				
				
				
				
				
				
				
				
				
				
				
				
				
				
				
				
				
				
				
				
				
				
				
				
				
				
				
				
				
				
				
				
				
				
				
				
				
				
				
				
				
				
				
				
				
				
				
				
				
				
				
				
				
				
				
				
				
				
				
				
				
				
				
				
				
				
				
				
				
				
				
				
				
				
				
				
				
				
				
				
				
				
				
				
				
				
				
				
				
				
				
				
				
				
				
				
				
				
				
				
				
				
				
				
				
				
				
				
				
				
				
				
				
				
				
				
				
				
				
				
				
				
				
				
				
				
				
				
				
				
				
				
				
				
				
				
				
				
				
				
				
				
				
				
				
				
				
				
				
				
				
				
				
				
				
				
				
				
				
				
				
				
				
				
				
				
				
				
				
				
				
				
				
				
				
				
				
				
				
				
				
				
				
				
				
				
				
				
				
				
				
				
				
				
				
				
				
				
				
				
				
				
				
				
				
				
				
				
				
				
				
				
				
				
				
				
				
				
				
				
				
				
				
				
				
				
				
				
				
				
				
				
				
				
				
				
				
				
				
				
				
				
				
				
				
				
				
				
				
				
				
				
				
				
				
				
				
				
				
				
				
				
				
				
				
				
				
				
				
				
				
				
				
				
				
				
				
				
				
				
				
				
				
				
				
				
				
				
				
				
				
				
				
				
				
				
				
				
				
				
				
				
				
				
				
				
				
				
				
				
				
				
				
				
				
				
				
				
				
				
				
				
				
				
				
				
				
				
				
				
				
				
				
				
				
				
				
				
				
				
				
				
				
				
				
				
				
				
				
				
				
				
				
				
				
				
				
				
				
				
				
				
				
				
				
				
				
				
				
				
				
				
				
				
				
				
				
				
				
				
				
				
				
				
				
				
				
				
				
				
				
				
				
				
				
				
				
				
				
				
				
				
				
				
				
				
				
				
				
				
				
				
				
				
				
				
				
				
				
				
				
				
				
				
				
				
				
				
				
				
				
				
				
				
				
				
				
				
				
				
				
				
				
				
				
				
				
				
				
				
				
				
				
				
				
				
				
				
				
				
				
				
				
				
				
				
				
				
				
				
				
				
				
				
				
				
				
				
				
				
				
				
				
				
				
				
				
				
				
				
				
				
				
				
				
				
				
				
				
				
				
