0	0	0.000	0.000	NaN
0	100	0.000	0.000	NaN
0	200	0.000	3541.000	0.000
0	300	2.000	3496.000	0.001
0	400	1.000	3728.000	0.000
0	500	4.000	3725.000	0.001
0	600	2.000	3701.000	0.001
0	700	2.000	3652.000	0.001
0	800	4.000	3545.000	0.001
0	900	12.000	3565.000	0.003
0	1000	24.000	3654.000	0.007
0	1100	15.000	3533.000	0.004
0	1200	15.000	3631.000	0.004
0	1300	20.000	3615.000	0.006
0	1400	26.000	3619.000	0.007
0	1500	28.000	3746.000	0.007
0	1600	24.000	3605.000	0.007
0	1700	35.000	3520.000	0.010
0	1800	41.000	3465.000	0.012
0	1900	46.000	3302.000	0.014
0	2000	32.000	3238.000	0.010
0	2100	47.000	3476.000	0.014
0	2150	41.000	3253.000	0.013
0	2200	46.000	3469.000	0.013
0	2250	48.000	3603.000	0.013
0	2300	42.000	3720.000	0.011
0	2350	41.000	3361.000	0.012
0	2400	39.000	3275.000	0.012
0	2450	40.000	3387.000	0.012
0	2500	41.000	3608.000	0.011
0	2550	39.000	3687.000	0.011
0	2600	36.000	3566.000	0.010
0	2650	52.000	3579.000	0.015
0	2700	38.000	3656.000	0.010
0	2750	51.000	3618.000	0.014
0	2800	48.000	3575.000	0.013
0	2850	53.000	3624.000	0.015
0	2900	39.000	3706.000	0.011
0	2950	37.000	3431.000	0.011
0	3000	43.000	3556.000	0.012
0	3050	70.000	3360.000	0.021
0	3100	167.000	3459.000	0.048
0	3150	243.000	3243.000	0.075
0	3200	317.000	3387.000	0.094
0	3250	230.000	3158.000	0.073
0	3300	151.000	3173.000	0.048
0	3350	80.000	3339.000	0.024
0	3400	52.000	3388.000	0.015
0	3450	22.000	3453.000	0.006
0	3500	14.000	3290.000	0.004
0	3550	9.000	3304.000	0.003
0	3600	12.000	3555.000	0.003
0	3650	6.000	3180.000	0.002
0	3700	8.000	3430.000	0.002
0	3750	6.000	3407.000	0.002
0	3800	9.000	3305.000	0.003
0	3850	10.000	3474.000	0.003
0	3900	7.000	3294.000	0.002
0	3950	8.000	3427.000	0.002
0	4000	5.000	3460.000	0.001
0	4050	4.000	3405.000	0.001
0	4100	3.000	3464.000	0.001
0	4150	0.000	3323.000	0.000
0	4200	1.000	3401.000	0.000
0	4250	3.000	3253.000	0.001
0	4300	0.000	3452.000	0.000
0	4350	1.000	3301.000	0.000
0	4400	1.000	3418.000	0.000
0	4450	1.000	3208.000	0.000
0	4500	0.000	3262.000	0.000
0	4550	1.000	3226.000	0.000
0	4600	0.000	3332.000	0.000
0	4650	0.000	3213.000	0.000
0	4700	0.000	3224.000	0.000
0	4750	2.000	3191.000	0.001
0	4800	0.000	3199.000	0.000
0	4850	2.000	2955.000	0.001
0	4900	1.000	3102.000	0.000
0	4950	0.000	3066.000	0.000
0	5000	0.000	3169.000	0.000
0	5050	0.000	3006.000	0.000
0	5100	1.000	3035.000	0.000
0	5150	0.000	3141.000	0.000
0	5200	0.000	3264.000	0.000
0	5250	0.000	3170.000	0.000
0	5300	0.000	3174.000	0.000
				
				
				
				
				
				
				
				
				
				
				
				
				
				
				
				
				
				
				
				
				
				
				
				
				
				
				
				
				
				
				
				
				
				
				
				
				
				
				
				
				
				
				
				
				
				
				
				
				
				
				
				
				
				
				
				
				
				
				
				
				
				
				
				
				
				
				
				
				
				
				
				
				
				
				
				
				
				
				
				
				
				
				
				
				
				
				
				
				
				
				
				
				
				
				
				
				
				
				
				
				
				
				
				
				
				
				
				
				
				
				
				
				
				
				
				
				
				
				
				
				
				
				
				
				
				
				
				
				
				
				
				
				
				
				
				
				
				
				
				
				
				
				
				
				
				
				
				
				
				
				
				
				
				
				
				
				
				
				
				
				
				
				
				
				
				
				
				
				
				
				
				
				
				
				
				
				
				
				
				
				
				
				
				
				
				
				
				
				
				
				
				
				
				
				
				
				
				
				
				
				
				
				
				
				
				
				
				
				
				
				
				
				
				
				
				
				
				
				
				
				
				
				
				
				
				
				
				
				
				
				
				
				
				
				
				
				
				
				
				
				
				
				
				
				
				
				
				
				
				
				
				
				
				
				
				
				
				
				
				
				
				
				
				
				
				
				
				
				
				
				
				
				
				
				
				
				
				
				
				
				
				
				
				
				
				
				
				
				
				
				
				
				
				
				
				
				
				
				
				
				
				
				
				
				
				
				
				
				
				
				
				
				
				
				
				
				
				
				
				
				
				
				
				
				
				
				
				
				
				
				
				
				
				
				
				
				
				
				
				
				
				
				
				
				
				
				
				
				
				
				
				
				
				
				
				
				
				
				
				
				
				
				
				
				
				
				
				
				
				
				
				
				
				
				
				
				
				
				
				
				
				
				
				
				
				
				
				
				
				
				
				
				
				
				
				
				
				
				
				
				
				
				
				
				
				
				
				
				
				
				
				
				
				
				
				
				
				
				
				
				
				
				
				
				
				
				
				
				
				
				
				
				
				
				
				
				
				
				
				
				
				
				
				
				
				
				
				
				
				
				
				
				
				
				
				
				
				
				
				
				
				
				
				
				
				
				
				
				
				
				
				
				
				
				
				
				
				
				
				
				
				
				
				
				
				
				
				
				
				
				
				
				
				
				
				
				
				
				
				
				
				
				
				
				
				
				
				
				
				
				
				
				
				
				
				
				
				
				
				
				
				
				
				
				
				
				
				
				
				
				
				
				
				
				
				
				
				
				
				
				
				
				
				
				
				
				
				
				
				
				
				
				
				
				
				
				
				
				
				
				
				
				
				
				
				
				
				
				
				
				
				
				
				
				
				
				
				
				
				
				
				
				
				
				
				
				
				
				
				
				
				
				
				
				
				
				
				
				
				
				
				
				
				
				
				
				
				
				
				
				
				
				
				
				
				
				
				
				
				
				
				
				
				
				
				
				
				
				
				
				
				
				
				
				
				
				
				
				
				
				
				
				
				
				
				
				
				
				
				
				
				
				
				
				
				
				
				
				
				
				
				
				
				
				
				
				
				
				
				
				
				
				
				
				
				
				
				
				
				
				
				
				
				
				
				
				
				
				
				
				
				
				
				
				
				
				
				
				
				
				
				
				
				
				
				
				
				
				
				
				
				
				
				
				
				
				
				
				
				
				
				
				
				
				
				
				
				
				
				
				
				
				
				
				
				
				
				
				
				
				
				
				
				
				
				
				
				
				
				
				
				
				
				
				
				
				
				
				
				
				
				
				
				
				
				
				
				
				
				
				
				
				
				
				
				
				
				
				
				
				
				
				
				
				
				
				
				
				
				
				
				
				
				
				
				
				
				
				
				
				
				
				
				
				
				
				
				
				
				
				
				
				
				
				
				
				
				
				
				
				
				
				
				
				
				
				
				
				
				
				
				
				
				
				
				
				
				
				
				
				
				
				
				
				
				
				
				
				
				
				
				
				
				
				
				
				
				
				
				
				
				
				
				
				
				
				
				
				
				
				
				
				
				
				
				
				
				
				
				
				
				
				
				
				
				
				
				
				
				
				
				
				
				
				
				
				
				
				
				
				
				
				
				
				
				
				
				
				
				
				
				
				
				
