0	0	0.000	2915.000	0.000
0	50	0.000	2951.000	0.000
0	100	0.000	2898.000	0.000
0	150	0.000	2749.000	0.000
0	200	0.000	2934.000	0.000
0	250	0.000	2933.000	0.000
0	300	0.000	2975.000	0.000
0	350	0.000	2936.000	0.000
0	400	0.000	2930.000	0.000
0	450	0.000	2944.000	0.000
0	500	0.000	2920.000	0.000
0	550	0.000	2881.000	0.000
0	600	0.000	2862.000	0.000
0	650	0.000	2960.000	0.000
0	700	0.000	2785.000	0.000
0	750	0.000	2919.000	0.000
0	800	0.000	2873.000	0.000
0	850	0.000	3089.000	0.000
0	900	0.000	2923.000	0.000
0	950	0.000	2936.000	0.000
0	1000	0.000	2845.000	0.000
0	1050	0.000	3097.000	0.000
0	1100	0.000	3012.000	0.000
0	1150	0.000	3014.000	0.000
0	1200	0.000	2979.000	0.000
0	1250	0.000	2961.000	0.000
0	1300	0.000	3103.000	0.000
0	1350	0.000	3066.000	0.000
0	1400	0.000	3092.000	0.000
0	1450	0.000	2788.000	0.000
0	1500	0.000	2892.000	0.000
0	1550	0.000	2791.000	0.000
0	1600	0.000	2967.000	0.000
0	1650	0.000	2811.000	0.000
0	1700	0.000	3080.000	0.000
0	1750	0.000	3026.000	0.000
0	1800	0.000	3026.000	0.000
0	1850	0.000	3068.000	0.000
0	1900	0.000	2862.000	0.000
0	1950	0.000	2999.000	0.000
0	2000	0.000	2980.000	0.000
0	2050	0.000	3196.000	0.000
0	2100	0.000	3102.000	0.000
0	2150	0.000	3105.000	0.000
0	2200	0.000	3164.000	0.000
0	2250	0.000	3094.000	0.000
0	2300	0.000	3144.000	0.000
0	2350	0.000	3261.000	0.000
0	2400	0.000	3141.000	0.000
0	2450	0.000	3145.000	0.000
0	2500	0.000	3157.000	0.000
0	2550	2.000	3062.000	0.001
0	2600	3.000	2890.000	0.001
0	2650	5.000	2910.000	0.002
0	2700	30.000	3040.000	0.010
0	2750	44.000	2937.000	0.015
0	2800	14.000	3055.000	0.005
0	2850	5.000	3116.000	0.002
0	2900	3.000	3084.000	0.001
0	2950	0.000	3187.000	0.000
0	3000	0.000	3215.000	0.000
0	3050	0.000	3051.000	0.000
0	3100	2.000	3282.000	0.001
0	3150	0.000	3092.000	0.000
0	3200	0.000	3110.000	0.000
0	3250	0.000	3159.000	0.000
0	3300	1.000	3211.000	0.000
0	3350	0.000	3089.000	0.000
0	3400	0.000	3168.000	0.000
0	3450	0.000	3050.000	0.000
0	3500	0.000	3067.000	0.000
0	3550	0.000	3007.000	0.000
0	3600	0.000	3020.000	0.000
0	3650	0.000	3195.000	0.000
0	3700	1.000	3081.000	0.000
0	3750	3.000	3109.000	0.001
0	3800	12.000	3063.000	0.004
0	3850	29.000	2939.000	0.010
0	3900	14.000	3074.000	0.005
0	3950	5.000	3126.000	0.002
0	4000	1.000	3072.000	0.000
0	4050	0.000	3156.000	0.000
0	4100	0.000	3081.000	0.000
0	4150	0.000	3014.000	0.000
0	4200	0.000	3166.000	0.000
0	4250	0.000	3251.000	0.000
0	4300	0.000	2974.000	0.000
0	4350	0.000	2963.000	0.000
0	4400	1.000	2952.000	0.000
0	4450	1.000	2990.000	0.000
0	4500	1.000	3029.000	0.000
0	4550	0.000	3045.000	0.000
0	4600	0.000	2828.000	0.000
0	4650	0.000	3176.000	0.000
0	4700	0.000	3004.000	0.000
0	4750	2.000	3115.000	0.001
0	4800	0.000	3091.000	0.000
0	4850	0.000	3022.000	0.000
0	4900	0.000	3032.000	0.000
0	4950	0.000	3096.000	0.000
0	5000	0.000	3040.000	0.000
0	5050	0.000	3054.000	0.000
0	5100	0.000	3122.000	0.000
0	5150	0.000	3147.000	0.000
0	5200	0.000	3036.000	0.000
0	5250	0.000	3177.000	0.000
0	5300	0.000	3284.000	0.000
0	5350	0.000	3217.000	0.000
0	5400	0.000	3103.000	0.000
0	5450	0.000	3253.000	0.000
0	5500	0.000	3088.000	0.000
0	5550	0.000	3201.000	0.000
0	5600	0.000	3192.000	0.000
0	5650	0.000	3196.000	0.000
0	5700	1.000	3177.000	0.000
0	5750	4.000	3243.000	0.001
0	5800	1.000	3134.000	0.000
0	5850	0.000	3243.000	0.000
0	5900	0.000	3228.000	0.000
0	5950	0.000	3244.000	0.000
0	6000	0.000	3105.000	0.000
				
				
				
				
				
				
				
				
				
				
				
				
				
				
				
				
				
				
				
				
				
				
				
				
				
				
				
				
				
				
				
				
				
				
				
				
				
				
				
				
				
				
				
				
				
				
				
				
				
				
				
				
				
				
				
				
				
				
				
				
				
				
				
				
				
				
				
				
				
				
				
				
				
				
				
				
				
				
				
				
				
				
				
				
				
				
				
				
				
				
				
				
				
				
				
				
				
				
				
				
				
				
				
				
				
				
				
				
				
				
				
				
				
				
				
				
				
				
				
				
				
				
				
				
				
				
				
				
				
				
				
				
				
				
				
				
				
				
				
				
				
				
				
				
				
				
				
				
				
				
				
				
				
				
				
				
				
				
				
				
				
				
				
				
				
				
				
				
				
				
				
				
				
				
				
				
				
				
				
				
				
				
				
				
				
				
				
				
				
				
				
				
				
				
				
				
				
				
				
				
				
				
				
				
				
				
				
				
				
				
				
				
				
				
				
				
				
				
				
				
				
				
				
				
				
				
				
				
				
				
				
				
				
				
				
				
				
				
				
				
				
				
				
				
				
				
				
				
				
				
				
				
				
				
				
				
				
				
				
				
				
				
				
				
				
				
				
				
				
				
				
				
				
				
				
				
				
				
				
				
				
				
				
				
				
				
				
				
				
				
				
				
				
				
				
				
				
				
				
				
				
				
				
				
				
				
				
				
				
				
				
				
				
				
				
				
				
				
				
				
				
				
				
				
				
				
				
				
				
				
				
				
				
				
				
				
				
				
				
				
				
				
				
				
				
				
				
				
				
				
				
				
				
				
				
				
				
				
				
				
				
				
				
				
				
				
				
				
				
				
				
				
				
				
				
				
				
				
				
				
				
				
				
				
				
				
				
				
				
				
				
				
				
				
				
				
				
				
				
				
				
				
				
				
				
				
				
				
				
				
				
				
				
				
				
				
				
				
				
				
				
				
				
				
				
				
				
				
				
				
				
				
				
				
				
				
				
				
				
				
				
				
				
				
				
				
				
				
				
				
				
				
				
				
				
				
				
				
				
				
				
				
				
				
				
				
				
				
				
				
				
				
				
				
				
				
				
				
				
				
				
				
				
				
				
				
				
				
				
				
				
				
				
				
				
				
				
				
				
				
				
				
				
				
				
				
				
				
				
				
				
				
				
				
				
				
				
				
				
				
				
				
				
				
				
				
				
				
				
				
				
				
				
				
				
				
				
				
				
				
				
				
				
				
				
				
				
				
				
				
				
				
				
				
				
				
				
				
				
				
				
				
				
				
				
				
				
				
				
				
				
				
				
				
				
				
				
				
				
				
				
				
				
				
				
				
				
				
				
				
				
				
				
				
				
				
				
				
				
				
				
				
				
				
				
				
				
				
				
				
				
				
				
				
				
				
				
				
				
				
				
				
				
				
				
				
				
				
				
				
				
				
				
				
				
				
				
				
				
				
				
				
				
				
				
				
				
				
				
				
				
				
				
				
				
				
				
				
				
				
				
				
				
				
				
				
				
				
				
				
				
				
				
				
				
				
				
				
				
				
				
				
				
				
				
				
				
				
				
				
				
				
				
				
				
				
				
				
				
				
				
				
				
				
				
				
				
				
				
				
				
				
				
				
				
				
				
				
				
				
				
				
				
				
				
				
				
				
				
				
				
				
				
				
				
				
				
				
				
				
				
				
				
				
				
				
				
				
				
				
				
				
				
				
				
				
				
				
				
				
				
				
				
				
				
				
				
				
				
				
				
				
				
				
				
				
				
				
				
				
				
				
				
				
				
				
				
				
				
				
				
				
				
				
				
				
				
				
				
				
				
				
				
				
				
				
				
				
				
				
				
				
				
				
				
				
				
				
				
				
				
				
				
				
				
				
				
				
				
				
				
				
				
				
				
				
				
				
				
				
				
				
				
				
				
				
				
				
				
				
				
				
				
				
				
				
				
				
				
				
				
				
				
				
				
				
				
				
				
				
				
				
				
				
				
				
				
				
				
