0	0	0.000	4981.000	0.000
0	100	0.000	4976.000	0.000
0	200	0.000	4985.000	0.000
0	300	0.000	4970.000	0.000
0	400	0.000	4979.000	0.000
0	500	0.000	4978.000	0.000
0	600	0.000	4975.000	0.000
0	700	0.000	4981.000	0.000
0	800	0.000	4974.000	0.000
0	900	0.000	4966.000	0.000
0	1000	0.000	4947.000	0.000
0	1100	0.000	4976.000	0.000
0	1200	0.000	4973.000	0.000
0	1300	1.000	4960.000	0.000
0	1400	1.000	4956.000	0.000
0	1500	0.000	4972.000	0.000
0	1600	0.000	4970.000	0.000
0	1700	1.000	4966.000	0.000
0	1800	2.000	4970.000	0.000
0	1900	0.000	4980.000	0.000
0	2000	0.000	4969.000	0.000
0	2100	0.000	4972.000	0.000
0	2200	2.000	4971.000	0.000
0	2300	4.000	4970.000	0.001
0	2400	261.000	4975.000	0.052
0	2500	788.000	4978.000	0.158
0	2600	63.000	4962.000	0.013
0	2700	3.000	4972.000	0.001
0	2800	0.000	4960.000	0.000
0	2900	1.000	4960.000	0.000
0	3000	3.000	4973.000	0.001
0	3100	0.000	4975.000	0.000
0	3200	0.000	4978.000	0.000
0	3300	1.000	4969.000	0.000
0	3400	7.000	4977.000	0.001
0	3500	74.000	4974.000	0.015
0	3600	371.000	4977.000	0.075
0	3700	67.000	4967.000	0.013
0	3800	35.000	4974.000	0.007
0	3900	0.000	112.000	0.000
0	4000	223.000	4977.000	0.045
0	4100	653.000	4959.000	0.132
0	4200	0.000	596.000	0.000
0	4300	635.000	4974.000	0.128
0	4400	425.000	4977.000	0.085
0	4500	176.000	4975.000	0.035
0	4600	271.000	4967.000	0.055
0	4700	226.000	4970.000	0.045
0	4800	157.000	4979.000	0.032
0	4900	83.000	4977.000	0.017
0	5000	37.000	4978.000	0.007
0	5100	39.000	4974.000	0.008
0	5200	14.000	4970.000	0.003
0	5300	18.000	4981.000	0.004
0	5400	15.000	4973.000	0.003
0	5500	17.000	4978.000	0.003
0	5600	9.000	4971.000	0.002
0	5700	6.000	4971.000	0.001
0	5800	3.000	4983.000	0.001
0	5900	2.000	4984.000	0.000
0	6000	0.000	4971.000	0.000
				
				
				
				
				
				
				
				
				
				
				
				
				
				
				
				
				
				
				
				
				
				
				
				
				
				
				
				
				
				
				
				
				
				
				
				
				
				
				
				
				
				
				
				
				
				
				
				
				
				
				
				
				
				
				
				
				
				
				
				
				
				
				
				
				
				
				
				
				
				
				
				
				
				
				
				
				
				
				
				
				
				
				
				
				
				
				
				
				
				
				
				
				
				
				
				
				
				
				
				
				
				
				
				
				
				
				
				
				
				
				
				
				
				
				
				
				
				
				
				
				
				
				
				
				
				
				
				
				
				
				
				
				
				
				
				
				
				
				
				
				
				
				
				
				
				
				
				
				
				
				
				
				
				
				
				
				
				
				
				
				
				
				
				
				
				
				
				
				
				
				
				
				
				
				
				
				
				
				
				
				
				
				
				
				
				
				
				
				
				
				
				
				
				
				
				
				
				
				
				
				
				
				
				
				
				
				
				
				
				
				
				
				
				
				
				
				
				
				
				
				
				
				
				
				
				
				
				
				
				
				
				
				
				
				
				
				
				
				
				
				
				
				
				
				
				
				
				
				
				
				
				
				
				
				
				
				
				
				
				
				
				
				
				
				
				
				
				
				
				
				
				
				
				
				
				
				
				
				
				
				
				
				
				
				
				
				
				
				
				
				
				
				
				
				
				
				
				
				
				
				
				
				
				
				
				
				
				
				
				
				
				
				
				
				
				
				
				
				
				
				
				
				
				
				
				
				
				
				
				
				
				
				
				
				
				
				
				
				
				
				
				
				
				
				
				
				
				
				
				
				
				
				
				
				
				
				
				
				
				
				
				
				
				
				
				
				
				
				
				
				
				
				
				
				
				
				
				
				
				
				
				
				
				
				
				
				
				
				
				
				
				
				
				
				
				
				
				
				
				
				
				
				
				
				
				
				
				
				
				
				
				
				
				
				
				
				
				
				
				
				
				
				
				
				
				
				
				
				
				
				
				
				
				
				
				
				
				
				
				
				
				
				
				
				
				
				
				
				
				
				
				
				
				
				
				
				
				
				
				
				
				
				
				
				
				
				
				
				
				
				
				
				
				
				
				
				
				
				
				
				
				
				
				
				
				
				
				
				
				
				
				
				
				
				
				
				
				
				
				
				
				
				
				
				
				
				
				
				
				
				
				
				
				
				
				
				
				
				
				
				
				
				
				
				
				
				
				
				
				
				
				
				
				
				
				
				
				
				
				
				
				
				
				
				
				
				
				
				
				
				
				
				
				
				
				
				
				
				
				
				
				
				
				
				
				
				
				
				
				
				
				
				
				
				
				
				
				
				
				
				
				
				
				
				
				
				
				
				
				
				
				
				
				
				
				
				
				
				
				
				
				
				
				
				
				
				
				
				
				
				
				
				
				
				
				
				
				
				
				
				
				
				
				
				
				
				
				
				
				
				
				
				
				
				
				
				
				
				
				
				
				
				
				
				
				
				
				
				
				
				
				
				
				
				
				
				
				
				
				
				
				
				
				
				
				
				
				
				
				
				
				
				
				
				
				
				
				
				
				
				
				
				
				
				
				
				
				
				
				
				
				
				
				
				
				
				
				
				
				
				
				
				
				
				
				
				
				
				
				
				
				
				
				
				
				
				
				
				
				
				
				
				
				
				
				
				
				
				
				
				
				
				
				
				
				
				
				
				
				
				
				
				
				
				
				
				
				
				
				
				
				
				
				
				
				
				
				
				
				
				
				
				
				
				
				
				
				
				
				
				
				
				
				
				
				
				
				
				
				
				
				
				
				
				
				
				
				
				
				
				
				
				
				
				
				
				
				
				
				
				
				
				
				
				
				
				
				
				
				
				
				
				
				
				
				
				
				
				
				
				
				
				
				
				
				
				
				
				
				
				
				
				
				
				
				
				
				
				
				
				
				
				
				
				
				
				
				
				
				
				
				
				
				
				
				
				
				
				
				
				
				
				
				
				
				
				
				
				
				
				
				
				
				
				
				
				
				
				
				
				
				
				
				
				
				
				
				
				
				
				
				
				
				
				
				
				
				
				
				
				
				
				
				
				
				
				
				
				
				
				
				
				
				
				
				
				
				
				
				
				
				
				
				
				
				
				
				
				
				
				
				
				
				
				
				
				
				
				
