0	0	3.000	2481.000	0.001
0	50	4.000	1925.000	0.002
0	100	9.000	2140.000	0.004
0	150	6.000	2010.000	0.003
0	200	7.000	1850.000	0.004
0	250	5.000	2082.000	0.002
0	300	7.000	2024.000	0.003
0	350	4.000	2006.000	0.002
0	400	3.000	1909.000	0.002
0	450	5.000	1888.000	0.003
0	500	10.000	1904.000	0.005
0	550	10.000	2001.000	0.005
0	600	6.000	1990.000	0.003
0	650	6.000	1996.000	0.003
0	700	6.000	1877.000	0.003
0	750	8.000	1851.000	0.004
0	800	16.000	1918.000	0.008
0	850	17.000	2174.000	0.008
0	900	18.000	1839.000	0.010
0	950	13.000	2036.000	0.006
0	1000	15.000	2266.000	0.007
0	1050	18.000	2103.000	0.009
0	1100	19.000	1840.000	0.010
0	1150	8.000	1833.000	0.004
0	1200	4.000	1975.000	0.002
0	1250	6.000	2072.000	0.003
0	1300	10.000	1896.000	0.005
0	1350	7.000	1829.000	0.004
0	1400	12.000	1983.000	0.006
0	1450	8.000	2074.000	0.004
0	1500	7.000	2028.000	0.003
0	1550	4.000	1826.000	0.002
0	1600	3.000	1824.000	0.002
0	1650	5.000	2080.000	0.002
0	1700	9.000	2116.000	0.004
0	1750	15.000	1917.000	0.008
0	1800	14.000	1873.000	0.007
0	1850	10.000	1773.000	0.006
0	1900	9.000	1787.000	0.005
0	1950	13.000	1822.000	0.007
0	2000	9.000	1775.000	0.005
0	2050	5.000	1775.000	0.003
0	2100	5.000	1860.000	0.003
0	2150	4.000	1996.000	0.002
0	2200	4.000	1838.000	0.002
0	2250	4.000	1802.000	0.002
0	2300	5.000	2090.000	0.002
0	2350	4.000	2143.000	0.002
0	2400	6.000	1875.000	0.003
0	2450	1.000	1821.000	0.001
0	2500	5.000	1713.000	0.003
0	2550	11.000	1872.000	0.006
0	2600	2.000	1927.000	0.001
0	2650	7.000	2032.000	0.003
0	2700	1.000	1856.000	0.001
0	2750	3.000	1810.000	0.002
0	2800	5.000	1812.000	0.003
0	2850	4.000	1841.000	0.002
0	2900	3.000	1796.000	0.002
0	2950	6.000	1770.000	0.003
0	3000	3.000	1737.000	0.002
0	3050	3.000	2071.000	0.001
0	3100	0.000	2051.000	0.000
0	3150	1.000	1820.000	0.001
0	3200	1.000	1915.000	0.001
0	3250	2.000	1808.000	0.001
0	3300	2.000	1888.000	0.001
0	3350	4.000	1918.000	0.002
0	3400	4.000	1724.000	0.002
0	3450	4.000	2116.000	0.002
0	3500	0.000	1873.000	0.000
0	3550	1.000	1889.000	0.001
0	3600	3.000	2112.000	0.001
0	3650	2.000	1945.000	0.001
0	3700	1.000	2086.000	0.000
0	3750	1.000	1853.000	0.001
0	3800	2.000	1862.000	0.001
0	3850	2.000	1945.000	0.001
0	3900	1.000	1860.000	0.001
0	3950	0.000	2010.000	0.000
0	4000	2.000	1786.000	0.001
				
				
				
				
				
				
				
				
				
				
				
				
				
				
				
				
				
				
				
				
				
				
				
				
				
				
				
				
				
				
				
				
				
				
				
				
				
				
				
				
				
				
				
				
				
				
				
				
				
				
				
				
				
				
				
				
				
				
				
				
				
				
				
				
				
				
				
				
				
				
				
				
				
				
				
				
				
				
				
				
				
				
				
				
				
				
				
				
				
				
				
				
				
				
				
				
				
				
				
				
				
				
				
				
				
				
				
				
				
				
				
				
				
				
				
				
				
				
				
				
				
				
				
				
				
				
				
				
				
				
				
				
				
				
				
				
				
				
				
				
				
				
				
				
				
				
				
				
				
				
				
				
				
				
				
				
				
				
				
				
				
				
				
				
				
				
				
				
				
				
				
				
				
				
				
				
				
				
				
				
				
				
				
				
				
				
				
				
				
				
				
				
				
				
				
				
				
				
				
				
				
				
				
				
				
				
				
				
				
				
				
				
				
				
				
				
				
				
				
				
				
				
				
				
				
				
				
				
				
				
				
				
				
				
				
				
				
				
				
				
				
				
				
				
				
				
				
				
				
				
				
				
				
				
				
				
				
				
				
				
				
				
				
				
				
				
				
				
				
				
				
				
				
				
				
				
				
				
				
				
				
				
				
				
				
				
				
				
				
				
				
				
				
				
				
				
				
				
				
				
				
				
				
				
				
				
				
				
				
				
				
				
				
				
				
				
				
				
				
				
				
				
				
				
				
				
				
				
				
				
				
				
				
				
				
				
				
				
				
				
				
				
				
				
				
				
				
				
				
				
				
				
				
				
				
				
				
				
				
				
				
				
				
				
				
				
				
				
				
				
				
				
				
				
				
				
				
				
				
				
				
				
				
				
				
				
				
				
				
				
				
				
				
				
				
				
				
				
				
				
				
				
				
				
				
				
				
				
				
				
				
				
				
				
				
				
				
				
				
				
				
				
				
				
				
				
				
				
				
				
				
				
				
				
				
				
				
				
				
				
				
				
				
				
				
				
				
				
				
				
				
				
				
				
				
				
				
				
				
				
				
				
				
				
				
				
				
				
				
				
				
				
				
				
				
				
				
				
				
				
				
				
				
				
				
				
				
				
				
				
				
				
				
				
				
				
				
				
				
				
				
				
				
				
				
				
				
				
				
				
				
				
				
				
				
				
				
				
				
				
				
				
				
				
				
				
				
				
				
				
				
				
				
				
				
				
				
				
				
				
				
				
				
				
				
				
				
				
				
				
				
				
				
				
				
				
				
				
				
				
				
				
				
				
				
				
				
				
				
				
				
				
				
				
				
				
				
				
				
				
				
				
				
				
				
				
				
				
				
				
				
				
				
				
				
				
				
				
				
				
				
				
				
				
				
				
				
				
				
				
				
				
				
				
				
				
				
				
				
				
				
				
				
				
				
				
				
				
				
				
				
				
				
				
				
				
				
				
				
				
				
				
				
				
				
				
				
				
				
				
				
				
				
				
				
				
				
				
				
				
				
				
				
				
				
				
				
				
				
				
				
				
				
				
				
				
				
				
				
				
				
				
				
				
				
				
				
				
				
				
				
				
				
				
				
				
				
				
				
				
				
				
				
				
				
				
				
				
				
				
				
				
				
				
				
				
				
				
				
				
				
				
				
				
				
				
				
				
				
				
				
				
				
				
				
				
				
				
				
				
				
				
				
				
				
				
				
				
				
				
				
				
				
				
				
				
				
				
				
				
				
				
				
				
				
				
				
				
				
				
				
				
				
				
				
				
				
				
				
				
				
				
				
				
				
				
				
				
				
				
				
				
				
				
				
				
				
				
				
				
				
				
				
				
				
				
				
				
				
				
				
				
				
				
				
				
				
				
				
				
				
				
				
				
				
				
				
				
				
				
				
				
				
				
				
				
				
				
				
				
				
				
				
				
				
				
				
				
				
				
				
				
				
				
				
				
				
				
				
				
				
				
				
				
				
				
				
				
				
				
				
				
				
				
				
				
				
				
				
				
				
				
				
				
				
				
				
				
				
				
				
				
				
				
				
				
				
				
				
				
				
				
				
				
				
				
				
				
				
				
				
				
				
				
				
				
				
				
				
