0	0	0.000	0.000	NaN
0	50	3.000	9399.000	0.000
0	100	4.000	9774.000	0.000
0	150	5.000	9723.000	0.001
0	200	6.000	9617.000	0.001
0	250	3.000	10277.000	0.000
0	300	8.000	9597.000	0.001
0	350	5.000	10119.000	0.000
0	400	10.000	9963.000	0.001
0	450	7.000	10541.000	0.001
0	500	6.000	9961.000	0.001
0	550	11.000	9809.000	0.001
0	600	17.000	9794.000	0.002
0	650	55.000	9924.000	0.006
0	700	73.000	10494.000	0.007
0	750	36.000	10353.000	0.003
0	800	17.000	10153.000	0.002
0	850	38.000	10541.000	0.004
0	900	18.000	10372.000	0.002
0	950	9.000	9634.000	0.001
0	1000	5.000	9796.000	0.001
0	1050	2.000	10075.000	0.000
0	1100	11.000	9875.000	0.001
0	1150	5.000	9944.000	0.001
0	1200	6.000	10293.000	0.001
0	1250	4.000	9983.000	0.000
0	1300	6.000	10895.000	0.001
0	1350	7.000	10221.000	0.001
0	1400	7.000	10508.000	0.001
0	1450	5.000	9752.000	0.001
0	1500	11.000	9841.000	0.001
0	1550	33.000	9787.000	0.003
0	1600	56.000	10525.000	0.005
0	1650	30.000	10072.000	0.003
0	1700	10.000	10374.000	0.001
0	1750	13.000	10352.000	0.001
0	1800	5.000	10201.000	0.000
0	1850	6.000	10104.000	0.001
0	1900	9.000	10539.000	0.001
0	1950	9.000	10372.000	0.001
0	2000	4.000	10769.000	0.000
0	2050	8.000	10240.000	0.001
0	2100	10.000	10576.000	0.001
0	2150	7.000	11334.000	0.001
0	2200	2.000	10293.000	0.000
0	2250	8.000	9982.000	0.001
0	2300	11.000	10186.000	0.001
0	2350	7.000	10096.000	0.001
0	2400	9.000	10222.000	0.001
0	2450	9.000	10141.000	0.001
0	2500	4.000	10516.000	0.000
0	2550	8.000	10363.000	0.001
0	2600	8.000	11149.000	0.001
0	2650	10.000	9956.000	0.001
0	2700	9.000	10309.000	0.001
0	2750	3.000	10501.000	0.000
0	2800	8.000	10541.000	0.001
0	2850	3.000	10752.000	0.000
0	2900	12.000	11299.000	0.001
				
				
				
				
				
				
				
				
				
				
				
				
				
				
				
				
				
				
				
				
				
				
				
				
				
				
				
				
				
				
				
				
				
				
				
				
				
				
				
				
				
				
				
				
				
				
				
				
				
				
				
				
				
				
				
				
				
				
				
				
				
				
				
				
				
				
				
				
				
				
				
				
				
				
				
				
				
				
				
				
				
				
				
				
				
				
				
				
				
				
				
				
				
				
				
				
				
				
				
				
				
				
				
				
				
				
				
				
				
				
				
				
				
				
				
				
				
				
				
				
				
				
				
				
				
				
				
				
				
				
				
				
				
				
				
				
				
				
				
				
				
				
				
				
				
				
				
				
				
				
				
				
				
				
				
				
				
				
				
				
				
				
				
				
				
				
				
				
				
				
				
				
				
				
				
				
				
				
				
				
				
				
				
				
				
				
				
				
				
				
				
				
				
				
				
				
				
				
				
				
				
				
				
				
				
				
				
				
				
				
				
				
				
				
				
				
				
				
				
				
				
				
				
				
				
				
				
				
				
				
				
				
				
				
				
				
				
				
				
				
				
				
				
				
				
				
				
				
				
				
				
				
				
				
				
				
				
				
				
				
				
				
				
				
				
				
				
				
				
				
				
				
				
				
				
				
				
				
				
				
				
				
				
				
				
				
				
				
				
				
				
				
				
				
				
				
				
				
				
				
				
				
				
				
				
				
				
				
				
				
				
				
				
				
				
				
				
				
				
				
				
				
				
				
				
				
				
				
				
				
				
				
				
				
				
				
				
				
				
				
				
				
				
				
				
				
				
				
				
				
				
				
				
				
				
				
				
				
				
				
				
				
				
				
				
				
				
				
				
				
				
				
				
				
				
				
				
				
				
				
				
				
				
				
				
				
				
				
				
				
				
				
				
				
				
				
				
				
				
				
				
				
				
				
				
				
				
				
				
				
				
				
				
				
				
				
				
				
				
				
				
				
				
				
				
				
				
				
				
				
				
				
				
				
				
				
				
				
				
				
				
				
				
				
				
				
				
				
				
				
				
				
				
				
				
				
				
				
				
				
				
				
				
				
				
				
				
				
				
				
				
				
				
				
				
				
				
				
				
				
				
				
				
				
				
				
				
				
				
				
				
				
				
				
				
				
				
				
				
				
				
				
				
				
				
				
				
				
				
				
				
				
				
				
				
				
				
				
				
				
				
				
				
				
				
				
				
				
				
				
				
				
				
				
				
				
				
				
				
				
				
				
				
				
				
				
				
				
				
				
				
				
				
				
				
				
				
				
				
				
				
				
				
				
				
				
				
				
				
				
				
				
				
				
				
				
				
				
				
				
				
				
				
				
				
				
				
				
				
				
				
				
				
				
				
				
				
				
				
				
				
				
				
				
				
				
				
				
				
				
				
				
				
				
				
				
				
				
				
				
				
				
				
				
				
				
				
				
				
				
				
				
				
				
				
				
				
				
				
				
				
				
				
				
				
				
				
				
				
				
				
				
				
				
				
				
				
				
				
				
				
				
				
				
				
				
				
				
				
				
				
				
				
				
				
				
				
				
				
				
				
				
				
				
				
				
				
				
				
				
				
				
				
				
				
				
				
				
				
				
				
				
				
				
				
				
				
				
				
				
				
				
				
				
				
				
				
				
				
				
				
				
				
				
				
				
				
				
				
				
				
				
				
				
				
				
				
				
				
				
				
				
				
				
				
				
				
				
				
				
				
				
				
				
				
				
				
				
				
				
				
				
				
				
				
				
				
				
				
				
				
				
				
				
				
				
				
				
				
				
				
				
				
				
				
				
				
				
				
				
				
				
				
				
				
				
				
				
				
				
				
				
				
				
				
				
				
				
				
				
				
				
				
				
				
				
				
				
				
				
				
				
				
				
				
				
				
				
				
				
				
				
				
				
				
				
				
				
				
				
				
				
				
				
				
				
				
				
				
				
				
				
				
				
				
				
				
				
				
				
				
				
				
				
				
				
				
				
				
				
				
				
				
				
				
				
				
				
				
				
				
				
				
				
				
				
				
				
				
				
				
				
				
				
				
				
				
				
				
				
				
				
				
				
				
				
				
				
				
				
				
				
				
				
				
				
				
				
				
				
				
				
				
				
				
				
				
				
				
				
				
				
				
				
				
				
				
				
				
				
				
