0	100	5.000	12176.000	0.000
0	150	7.000	12827.000	0.001
0	200	14.000	12980.000	0.001
0	250	6.000	13248.000	0.000
0	300	9.000	12424.000	0.001
0	350	13.000	11803.000	0.001
0	400	7.000	11535.000	0.001
0	450	7.000	11651.000	0.001
0	500	16.000	11777.000	0.001
0	550	15.000	11767.000	0.001
0	600	8.000	11707.000	0.001
0	650	10.000	11780.000	0.001
0	700	7.000	11881.000	0.001
0	750	9.000	11912.000	0.001
0	800	15.000	11697.000	0.001
0	850	12.000	11743.000	0.001
0	900	8.000	12110.000	0.001
0	950	24.000	11520.000	0.002
0	1000	30.000	12039.000	0.002
0	1050	33.000	11986.000	0.003
0	1100	26.000	11954.000	0.002
0	1150	22.000	11659.000	0.002
0	1200	8.000	11948.000	0.001
0	1250	10.000	11506.000	0.001
0	1300	14.000	11766.000	0.001
0	1350	11.000	11962.000	0.001
0	1400	10.000	12275.000	0.001
0	1450	7.000	12089.000	0.001
0	1500	19.000	11845.000	0.002
0	1550	25.000	11835.000	0.002
0	1600	29.000	11249.000	0.003
0	1650	28.000	11801.000	0.002
0	1700	19.000	11685.000	0.002
0	1750	20.000	11076.000	0.002
0	1800	4.000	11882.000	0.000
0	1850	9.000	11961.000	0.001
0	1900	7.000	10816.000	0.001
0	1950	10.000	11467.000	0.001
0	2000	8.000	11823.000	0.001
0	2050	6.000	10861.000	0.001
0	2100	9.000	11604.000	0.001
0	2150	8.000	11565.000	0.001
0	2200	6.000	11546.000	0.001
0	2250	5.000	12129.000	0.000
0	2300	10.000	12359.000	0.001
0	2350	7.000	12499.000	0.001
0	2400	7.000	12336.000	0.001
0	2450	2.000	11483.000	0.000
0	2500	8.000	11674.000	0.001
0	2550	7.000	11995.000	0.001
0	2600	10.000	12080.000	0.001
0	2650	11.000	12117.000	0.001
0	2700	8.000	11693.000	0.001
0	2750	13.000	11561.000	0.001
0	2800	6.000	12312.000	0.000
0	2850	8.000	12512.000	0.001
0	2900	4.000	11569.000	0.000
0	2950	6.000	11710.000	0.001
0	3000	5.000	11593.000	0.000
0	3050	6.000	11807.000	0.001
0	3100	8.000	11504.000	0.001
0	3150	15.000	11946.000	0.001
0	3200	3.000	11611.000	0.000
				
				
				
				
				
				
				
				
				
				
				
				
				
				
				
				
				
				
				
				
				
				
				
				
				
				
				
				
				
				
				
				
				
				
				
				
				
				
				
				
				
				
				
				
				
				
				
				
				
				
				
				
				
				
				
				
				
				
				
				
				
				
				
				
				
				
				
				
				
				
				
				
				
				
				
				
				
				
				
				
				
				
				
				
				
				
				
				
				
				
				
				
				
				
				
				
				
				
				
				
				
				
				
				
				
				
				
				
				
				
				
				
				
				
				
				
				
				
				
				
				
				
				
				
				
				
				
				
				
				
				
				
				
				
				
				
				
				
				
				
				
				
				
				
				
				
				
				
				
				
				
				
				
				
				
				
				
				
				
				
				
				
				
				
				
				
				
				
				
				
				
				
				
				
				
				
				
				
				
				
				
				
				
				
				
				
				
				
				
				
				
				
				
				
				
				
				
				
				
				
				
				
				
				
				
				
				
				
				
				
				
				
				
				
				
				
				
				
				
				
				
				
				
				
				
				
				
				
				
				
				
				
				
				
				
				
				
				
				
				
				
				
				
				
				
				
				
				
				
				
				
				
				
				
				
				
				
				
				
				
				
				
				
				
				
				
				
				
				
				
				
				
				
				
				
				
				
				
				
				
				
				
				
				
				
				
				
				
				
				
				
				
				
				
				
				
				
				
				
				
				
				
				
				
				
				
				
				
				
				
				
				
				
				
				
				
				
				
				
				
				
				
				
				
				
				
				
				
				
				
				
				
				
				
				
				
				
				
				
				
				
				
				
				
				
				
				
				
				
				
				
				
				
				
				
				
				
				
				
				
				
				
				
				
				
				
				
				
				
				
				
				
				
				
				
				
				
				
				
				
				
				
				
				
				
				
				
				
				
				
				
				
				
				
				
				
				
				
				
				
				
				
				
				
				
				
				
				
				
				
				
				
				
				
				
				
				
				
				
				
				
				
				
				
				
				
				
				
				
				
				
				
				
				
				
				
				
				
				
				
				
				
				
				
				
				
				
				
				
				
				
				
				
				
				
				
				
				
				
				
				
				
				
				
				
				
				
				
				
				
				
				
				
				
				
				
				
				
				
				
				
				
				
				
				
				
				
				
				
				
				
				
				
				
				
				
				
				
				
				
				
				
				
				
				
				
				
				
				
				
				
				
				
				
				
				
				
				
				
				
				
				
				
				
				
				
				
				
				
				
				
				
				
				
				
				
				
				
				
				
				
				
				
				
				
				
				
				
				
				
				
				
				
				
				
				
				
				
				
				
				
				
				
				
				
				
				
				
				
				
				
				
				
				
				
				
				
				
				
				
				
				
				
				
				
				
				
				
				
				
				
				
				
				
				
				
				
				
				
				
				
				
				
				
				
				
				
				
				
				
				
				
				
				
				
				
				
				
				
				
				
				
				
				
				
				
				
				
				
				
				
				
				
				
				
				
				
				
				
				
				
				
				
				
				
				
				
				
				
				
				
				
				
				
				
				
				
				
				
				
				
				
				
				
				
				
				
				
				
				
				
				
				
				
				
				
				
				
				
				
				
				
				
				
				
				
				
				
				
				
				
				
				
				
				
				
				
				
				
				
				
				
				
				
				
				
				
				
				
				
				
				
				
				
				
				
				
				
				
				
				
				
				
				
				
				
				
				
				
				
				
				
				
				
				
				
				
				
				
				
				
				
				
				
				
				
				
				
				
				
				
				
				
				
				
				
				
				
				
				
				
				
				
				
				
				
				
				
				
				
				
				
				
				
				
				
				
				
				
				
				
				
				
				
				
				
				
				
				
				
				
				
				
				
				
				
				
				
				
				
				
				
				
				
				
				
				
				
				
				
				
				
				
				
				
				
				
				
				
				
				
				
				
				
				
				
				
				
				
				
				
				
				
				
				
				
				
				
				
				
				
				
				
				
				
				
				
				
				
				
				
				
				
				
				
				
				
				
				
				
				
				
				
				
				
				
				
				
				
				
				
				
				
				
				
				
				
				
				
				
				
				
				
				
				
				
				
				
				
				
				
				
				
				
				
				
				
				
				
				
				
				
				
				
				
				
				
				
				
				
				
				
				
				
				
				
				
				
				
				
				
				
				
				
				
				
				
				
				
				
				
				
				
				
				
