0	0	0.000	3431.000	0.000
0	50	0.000	3352.000	0.000
0	100	1.000	3348.000	0.000
0	150	0.000	3405.000	0.000
0	200	0.000	3393.000	0.000
0	250	0.000	3363.000	0.000
0	300	1.000	3321.000	0.000
0	350	3.000	3323.000	0.001
0	400	1.000	3331.000	0.000
0	450	2.000	3320.000	0.001
0	500	2.000	3384.000	0.001
0	550	5.000	3422.000	0.001
0	600	2.000	3366.000	0.001
0	650	3.000	3394.000	0.001
0	700	6.000	3381.000	0.002
0	750	4.000	3377.000	0.001
0	800	3.000	3365.000	0.001
0	850	5.000	3350.000	0.001
0	900	8.000	3384.000	0.002
0	950	10.000	3358.000	0.003
0	1000	11.000	3407.000	0.003
0	1050	12.000	3415.000	0.004
0	1100	9.000	3485.000	0.003
0	1150	33.000	3428.000	0.010
0	1200	19.000	3452.000	0.006
0	1250	30.000	3469.000	0.009
0	1300	44.000	3470.000	0.013
0	1350	52.000	3402.000	0.015
0	1400	57.000	3435.000	0.017
0	1450	57.000	3433.000	0.017
0	1500	70.000	3414.000	0.021
0	1550	59.000	3387.000	0.017
0	1600	68.000	3411.000	0.020
0	1650	82.000	3411.000	0.024
0	1700	73.000	3388.000	0.022
0	1750	108.000	3328.000	0.032
0	1800	96.000	3402.000	0.028
0	1850	116.000	3408.000	0.034
0	1900	194.000	3434.000	0.056
0	1950	349.000	3348.000	0.104
0	2000	678.000	3384.000	0.200
0	2050	1049.000	3441.000	0.305
0	2100	1034.000	3414.000	0.303
0	2150	580.000	3405.000	0.170
0	2200	330.000	3413.000	0.097
0	2250	276.000	3410.000	0.081
0	2300	239.000	3310.000	0.072
0	2350	275.000	3310.000	0.083
0	2400	291.000	3308.000	0.088
0	2450	280.000	3351.000	0.084
0	2500	347.000	3311.000	0.105
0	2550	475.000	3345.000	0.142
0	2600	704.000	3326.000	0.212
0	2650	1054.000	3319.000	0.318
0	2700	1287.000	3338.000	0.386
0	2750	1192.000	3387.000	0.352
0	2800	868.000	3460.000	0.251
0	2850	459.000	3402.000	0.135
0	2900	378.000	3479.000	0.109
0	2950	369.000	3440.000	0.107
0	3000	347.000	3449.000	0.101
0	3050	400.000	3464.000	0.115
0	3100	354.000	3368.000	0.105
0	3150	371.000	3448.000	0.108
0	3200	446.000	3434.000	0.130
0	3250	348.000	3406.000	0.102
0	3300	363.000	3404.000	0.107
0	3350	327.000	3438.000	0.095
0	3400	346.000	3427.000	0.101
0	3450	0.000	306.000	0.000
0	3500	310.000	3353.000	0.092
0	3550	265.000	3423.000	0.077
0	3600	226.000	3384.000	0.067
0	3650	223.000	3418.000	0.065
0	3700	214.000	3433.000	0.062
0	3750	194.000	3315.000	0.059
0	3800	163.000	3345.000	0.049
0	3850	122.000	3370.000	0.036
0	3900	116.000	3275.000	0.035
0	3950	81.000	3338.000	0.024
0	4000	73.000	3291.000	0.022
0	4050	45.000	3343.000	0.013
0	4100	38.000	3282.000	0.012
0	4150	54.000	3410.000	0.016
0	4200	43.000	3356.000	0.013
0	4250	28.000	3381.000	0.008
0	4300	26.000	3393.000	0.008
0	4350	24.000	3439.000	0.007
0	4400	20.000	3399.000	0.006
0	4450	17.000	3350.000	0.005
0	4500	13.000	3426.000	0.004
				
				
				
				
				
				
				
				
				
				
				
				
				
				
				
				
				
				
				
				
				
				
				
				
				
				
				
				
				
				
				
				
				
				
				
				
				
				
				
				
				
				
				
				
				
				
				
				
				
				
				
				
				
				
				
				
				
				
				
				
				
				
				
				
				
				
				
				
				
				
				
				
				
				
				
				
				
				
				
				
				
				
				
				
				
				
				
				
				
				
				
				
				
				
				
				
				
				
				
				
				
				
				
				
				
				
				
				
				
				
				
				
				
				
				
				
				
				
				
				
				
				
				
				
				
				
				
				
				
				
				
				
				
				
				
				
				
				
				
				
				
				
				
				
				
				
				
				
				
				
				
				
				
				
				
				
				
				
				
				
				
				
				
				
				
				
				
				
				
				
				
				
				
				
				
				
				
				
				
				
				
				
				
				
				
				
				
				
				
				
				
				
				
				
				
				
				
				
				
				
				
				
				
				
				
				
				
				
				
				
				
				
				
				
				
				
				
				
				
				
				
				
				
				
				
				
				
				
				
				
				
				
				
				
				
				
				
				
				
				
				
				
				
				
				
				
				
				
				
				
				
				
				
				
				
				
				
				
				
				
				
				
				
				
				
				
				
				
				
				
				
				
				
				
				
				
				
				
				
				
				
				
				
				
				
				
				
				
				
				
				
				
				
				
				
				
				
				
				
				
				
				
				
				
				
				
				
				
				
				
				
				
				
				
				
				
				
				
				
				
				
				
				
				
				
				
				
				
				
				
				
				
				
				
				
				
				
				
				
				
				
				
				
				
				
				
				
				
				
				
				
				
				
				
				
				
				
				
				
				
				
				
				
				
				
				
				
				
				
				
				
				
				
				
				
				
				
				
				
				
				
				
				
				
				
				
				
				
				
				
				
				
				
				
				
				
				
				
				
				
				
				
				
				
				
				
				
				
				
				
				
				
				
				
				
				
				
				
				
				
				
				
				
				
				
				
				
				
				
				
				
				
				
				
				
				
				
				
				
				
				
				
				
				
				
				
				
				
				
				
				
				
				
				
				
				
				
				
				
				
				
				
				
				
				
				
				
				
				
				
				
				
				
				
				
				
				
				
				
				
				
				
				
				
				
				
				
				
				
				
				
				
				
				
				
				
				
				
				
				
				
				
				
				
				
				
				
				
				
				
				
				
				
				
				
				
				
				
				
				
				
				
				
				
				
				
				
				
				
				
				
				
				
				
				
				
				
				
				
				
				
				
				
				
				
				
				
				
				
				
				
				
				
				
				
				
				
				
				
				
				
				
				
				
				
				
				
				
				
				
				
				
				
				
				
				
				
				
				
				
				
				
				
				
				
				
				
				
				
				
				
				
				
				
				
				
				
				
				
				
				
				
				
				
				
				
				
				
				
				
				
				
				
				
				
				
				
				
				
				
				
				
				
				
				
				
				
				
				
				
				
				
				
				
				
				
				
				
				
				
				
				
				
				
				
				
				
				
				
				
				
				
				
				
				
				
				
				
				
				
				
				
				
				
				
				
				
				
				
				
				
				
				
				
				
				
				
				
				
				
				
				
				
				
				
				
				
				
				
				
				
				
				
				
				
				
				
				
				
				
				
				
				
				
				
				
				
				
				
				
				
				
				
				
				
				
				
				
				
				
				
				
				
				
				
				
				
				
				
				
				
				
				
				
				
				
				
				
				
				
				
				
				
				
				
				
				
				
				
				
				
				
				
				
				
				
				
				
				
				
				
				
				
				
				
				
				
				
				
				
				
				
				
				
				
				
				
				
				
				
				
				
				
				
				
				
				
				
				
				
				
				
				
				
				
				
				
				
				
				
				
				
				
				
				
				
				
				
				
				
				
				
				
				
				
				
				
				
				
				
				
				
				
				
				
				
				
				
				
				
				
				
				
				
				
				
				
				
				
				
				
				
				
				
				
				
				
				
				
				
				
				
				
				
				
				
				
				
				
				
				
				
				
				
				
				
				
				
				
				
				
				
				
				
				
				
				
				
				
				
				
				
				
				
				
				
				
				
				
				
				
				
				
				
				
				
				
				
				
				
				
				
				
				
				
				
				
				
				
