0	0	86.000	3256.000	0.026
0	0	95.000	3333.000	0.029
0	0	103.000	3427.000	0.030
0	0	314.000	3319.000	0.095
0	0	305.000	3397.000	0.090
0	0	317.000	3358.000	0.094
0	0	393.000	3401.000	0.116
0	0	416.000	3363.000	0.124
0	0	421.000	3412.000	0.123
0	0	1013.000	3355.000	0.302
0	0	1066.000	3386.000	0.315
0	0	1059.000	3308.000	0.320
0	0	1261.000	3383.000	0.373
0	0	1191.000	3352.000	0.355
0	0	1224.000	3292.000	0.372
0	0	1442.000	3332.000	0.433
0	0	1412.000	3412.000	0.414
0	0	1398.000	3351.000	0.417
0	0	737.000	3332.000	0.221
0	0	726.000	3293.000	0.220
0	0	633.000	3319.000	0.191
0	0	648.000	3291.000	0.197
0	0	638.000	3250.000	0.196
0	0	673.000	3331.000	0.202
0	0	601.000	3252.000	0.185
0	0	639.000	3215.000	0.199
0	0	733.000	3309.000	0.222
0	0	739.000	3353.000	0.220
0	0	761.000	3349.000	0.227
0	0	845.000	3360.000	0.251
0	0	851.000	3369.000	0.253
0	0	824.000	3344.000	0.246
0	0	682.000	3308.000	0.206
0	0	767.000	3293.000	0.233
0	0	680.000	3260.000	0.209
0	0	587.000	3382.000	0.174
0	0	618.000	3385.000	0.183
0	0	551.000	3281.000	0.168
0	0	474.000	3259.000	0.145
0	0	497.000	3377.000	0.147
0	0	487.000	3236.000	0.150
0	0	316.000	3408.000	0.093
0	0	350.000	3344.000	0.105
0	0	326.000	3305.000	0.099
0	0	221.000	3286.000	0.067
0	0	219.000	3392.000	0.065
0	0	207.000	3294.000	0.063
0	0	63.000	3268.000	0.019
0	0	80.000	3292.000	0.024
0	0	76.000	3286.000	0.023
0	0	2.000	3196.000	0.001
0	0	0.000	3211.000	0.000
0	0	0.000	3228.000	0.000
0	0	1387.000	3222.000	0.430
0	0	1404.000	3193.000	0.440
0	0	1359.000	3182.000	0.427
				
				
				
				
				
				
				
				
				
				
				
				
				
				
				
				
				
				
				
				
				
				
				
				
				
				
				
				
				
				
				
				
				
				
				
				
				
				
				
				
				
				
				
				
				
				
				
				
				
				
				
				
				
				
				
				
				
				
				
				
				
				
				
				
				
				
				
				
				
				
				
				
				
				
				
				
				
				
				
				
				
				
				
				
				
				
				
				
				
				
				
				
				
				
				
				
				
				
				
				
				
				
				
				
				
				
				
				
				
				
				
				
				
				
				
				
				
				
				
				
				
				
				
				
				
				
				
				
				
				
				
				
				
				
				
				
				
				
				
				
				
				
				
				
				
				
				
				
				
				
				
				
				
				
				
				
				
				
				
				
				
				
				
				
				
				
				
				
				
				
				
				
				
				
				
				
				
				
				
				
				
				
				
				
				
				
				
				
				
				
				
				
				
				
				
				
				
				
				
				
				
				
				
				
				
				
				
				
				
				
				
				
				
				
				
				
				
				
				
				
				
				
				
				
				
				
				
				
				
				
				
				
				
				
				
				
				
				
				
				
				
				
				
				
				
				
				
				
				
				
				
				
				
				
				
				
				
				
				
				
				
				
				
				
				
				
				
				
				
				
				
				
				
				
				
				
				
				
				
				
				
				
				
				
				
				
				
				
				
				
				
				
				
				
				
				
				
				
				
				
				
				
				
				
				
				
				
				
				
				
				
				
				
				
				
				
				
				
				
				
				
				
				
				
				
				
				
				
				
				
				
				
				
				
				
				
				
				
				
				
				
				
				
				
				
				
				
				
				
				
				
				
				
				
				
				
				
				
				
				
				
				
				
				
				
				
				
				
				
				
				
				
				
				
				
				
				
				
				
				
				
				
				
				
				
				
				
				
				
				
				
				
				
				
				
				
				
				
				
				
				
				
				
				
				
				
				
				
				
				
				
				
				
				
				
				
				
				
				
				
				
				
				
				
				
				
				
				
				
				
				
				
				
				
				
				
				
				
				
				
				
				
				
