0	0	0.000	0.000	NaN
0	50	1.000	1717.000	0.001
0	100	1.000	3288.000	0.000
0	150	5.000	3385.000	0.001
0	200	2.000	3347.000	0.001
0	250	9.000	3325.000	0.003
0	300	11.000	3395.000	0.003
0	350	8.000	3338.000	0.002
0	400	9.000	3340.000	0.003
0	450	9.000	3332.000	0.003
0	500	8.000	3348.000	0.002
0	550	13.000	3347.000	0.004
0	600	8.000	3315.000	0.002
0	650	11.000	3280.000	0.003
0	700	15.000	3371.000	0.004
0	750	27.000	3416.000	0.008
0	800	27.000	3397.000	0.008
0	850	41.000	3367.000	0.012
0	900	47.000	3496.000	0.013
0	950	60.000	3443.000	0.017
0	1000	71.000	3378.000	0.021
0	1050	64.000	3404.000	0.019
0	1100	65.000	3356.000	0.019
0	1150	94.000	3324.000	0.028
0	1200	68.000	3381.000	0.020
0	1250	73.000	3347.000	0.022
0	1300	65.000	3301.000	0.020
0	1350	79.000	3337.000	0.024
0	1400	90.000	3315.000	0.027
0	1450	91.000	3326.000	0.027
0	1500	135.000	3310.000	0.041
0	1550	201.000	3415.000	0.059
0	1600	294.000	3301.000	0.089
0	1650	520.000	3300.000	0.158
0	1700	919.000	3351.000	0.274
0	1750	1055.000	3373.000	0.313
0	1800	808.000	3359.000	0.241
0	1850	477.000	3349.000	0.142
0	1900	250.000	3323.000	0.075
0	1950	226.000	3343.000	0.068
0	2000	252.000	3380.000	0.075
0	2050	259.000	3302.000	0.078
0	2100	264.000	3310.000	0.080
0	2150	249.000	3382.000	0.074
0	2200	311.000	3300.000	0.094
0	2250	485.000	3277.000	0.148
0	2300	861.000	3384.000	0.254
0	2350	1151.000	3354.000	0.343
0	2400	1281.000	3330.000	0.385
0	2450	987.000	3272.000	0.302
0	2500	581.000	3355.000	0.173
0	2550	451.000	3261.000	0.138
0	2600	469.000	3299.000	0.142
0	2650	527.000	3198.000	0.165
0	2700	387.000	3310.000	0.117
0	2750	383.000	3335.000	0.115
0	2800	365.000	3382.000	0.108
0	2850	396.000	3327.000	0.119
0	2900	385.000	3317.000	0.116
0	2950	375.000	3315.000	0.113
0	3000	366.000	3362.000	0.109
0	3050	344.000	3330.000	0.103
0	3100	357.000	3227.000	0.111
0	3150	337.000	3411.000	0.099
0	3200	300.000	3334.000	0.090
0	3250	310.000	3388.000	0.091
0	3300	279.000	3310.000	0.084
0	3350	261.000	3327.000	0.078
0	3400	245.000	3350.000	0.073
0	3450	214.000	3336.000	0.064
0	3500	182.000	3331.000	0.055
0	3550	160.000	3355.000	0.048
0	3600	141.000	3339.000	0.042
0	3650	131.000	3346.000	0.039
0	3700	113.000	3320.000	0.034
0	3750	82.000	3371.000	0.024
0	3800	60.000	3310.000	0.018
0	3850	52.000	3326.000	0.016
0	3900	58.000	3406.000	0.017
0	3950	48.000	3408.000	0.014
0	4000	41.000	3382.000	0.012
0	4050	37.000	3404.000	0.011
0	4100	41.000	3373.000	0.012
0	4150	20.000	3358.000	0.006
0	4200	20.000	3339.000	0.006
0	4250	21.000	3274.000	0.006
0	4300	21.000	3434.000	0.006
0	4350	17.000	3394.000	0.005
0	4400	17.000	3425.000	0.005
0	4450	9.000	3342.000	0.003
0	4500	16.000	3376.000	0.005
0	4550	15.000	3393.000	0.004
0	4600	11.000	3434.000	0.003
0	4650	12.000	3401.000	0.004
0	4700	4.000	3353.000	0.001
0	4750	6.000	3410.000	0.002
0	4800	1.000	3365.000	0.000
0	4850	5.000	3453.000	0.001
0	4900	4.000	3373.000	0.001
0	4950	2.000	3384.000	0.001
0	5000	2.000	3342.000	0.001
				
				
				
				
				
				
				
				
				
				
				
				
				
				
				
				
				
				
				
				
				
				
				
				
				
				
				
				
				
				
				
				
				
				
				
				
				
				
				
				
				
				
				
				
				
				
				
				
				
				
				
				
				
				
				
				
				
				
				
				
				
				
				
				
				
				
				
				
				
				
				
				
				
				
				
				
				
				
				
				
				
				
				
				
				
				
				
				
				
				
				
				
				
				
				
				
				
				
				
				
				
				
				
				
				
				
				
				
				
				
				
				
				
				
				
				
				
				
				
				
				
				
				
				
				
				
				
				
				
				
				
				
				
				
				
				
				
				
				
				
				
				
				
				
				
				
				
				
				
				
				
				
				
				
				
				
				
				
				
				
				
				
				
				
				
				
				
				
				
				
				
				
				
				
				
				
				
				
				
				
				
				
				
				
				
				
				
				
				
				
				
				
				
				
				
				
				
				
				
				
				
				
				
				
				
				
				
				
				
				
				
				
				
				
				
				
				
				
				
				
				
				
				
				
				
				
				
				
				
				
				
				
				
				
				
				
				
				
				
				
				
				
				
				
				
				
				
				
				
				
				
				
				
				
				
				
				
				
				
				
				
				
				
				
				
				
				
				
				
				
				
				
				
				
				
				
				
				
				
				
				
				
				
				
				
				
				
				
				
				
				
				
				
				
				
				
				
				
				
				
				
				
				
				
				
				
				
				
				
				
				
				
				
				
				
				
				
				
				
				
				
				
				
				
				
				
				
				
				
				
				
				
				
				
				
				
				
				
				
				
				
				
				
				
				
				
				
				
				
				
				
				
				
				
				
				
				
				
				
				
				
				
				
				
				
				
				
				
				
				
				
				
				
				
				
				
				
				
				
				
				
				
				
				
				
				
				
				
				
				
				
				
				
				
				
				
				
				
				
				
				
				
				
				
				
				
				
				
				
				
				
				
				
				
				
				
				
				
				
				
				
				
				
				
				
				
				
				
				
				
				
				
				
				
				
				
				
				
				
				
				
				
				
				
				
				
				
				
				
				
				
				
				
				
				
				
				
				
				
				
				
				
				
				
				
				
				
				
				
				
				
				
				
				
				
				
				
				
				
				
				
				
				
				
				
				
				
				
				
				
				
				
				
				
				
				
				
				
				
				
				
				
				
				
				
				
				
				
				
				
				
				
				
				
				
				
				
				
				
				
				
				
				
				
				
				
				
				
				
				
				
				
				
				
				
				
				
				
				
				
				
				
				
				
				
				
				
				
				
				
				
				
				
				
				
				
				
				
				
				
				
				
				
				
				
				
				
				
				
				
				
				
				
				
				
				
				
				
				
				
				
				
				
				
				
				
				
				
				
				
				
				
				
				
				
				
				
				
				
				
				
				
				
				
				
				
				
				
				
				
				
				
				
				
				
				
				
				
				
				
				
				
				
				
				
				
				
				
				
				
				
				
				
				
				
				
				
				
				
				
				
				
				
				
				
				
				
				
				
				
				
				
				
				
				
				
				
				
				
				
				
				
				
				
				
				
				
				
				
				
				
				
				
				
				
				
				
				
				
				
				
				
				
				
				
				
				
				
				
				
				
				
				
				
				
				
				
				
				
				
				
				
				
				
				
				
				
				
				
				
				
				
				
				
				
				
				
				
				
				
				
				
				
				
				
				
				
				
				
				
				
				
				
				
				
				
				
				
				
				
				
				
				
				
				
				
				
				
				
				
				
				
				
				
				
				
				
				
				
				
				
				
				
				
				
				
				
				
				
				
				
				
				
				
				
				
				
				
				
				
				
				
				
				
				
				
				
				
				
				
				
				
				
				
				
				
				
				
				
				
				
				
				
				
				
				
				
				
				
				
				
				
				
				
				
				
				
				
				
				
				
				
				
				
				
				
				
				
				
				
				
				
				
				
				
				
				
				
				
				
				
				
				
				
				
				
				
				
				
				
				
				
				
				
				
				
				
				
				
				
				
				
				
				
				
				
				
				
				
				
				
				
				
				
				
				
				
				
				
				
				
				
				
				
				
				
				
				
				
				
				
				
				
				
				
				
				
				
				
