0	0	64.000	3255.000	0.020
0	50	64.000	3397.000	0.019
0	100	75.000	3325.000	0.023
0	150	95.000	3346.000	0.028
0	200	98.000	3336.000	0.029
0	250	112.000	3387.000	0.033
0	300	124.000	3307.000	0.037
0	350	120.000	3371.000	0.036
0	400	135.000	3376.000	0.040
0	450	139.000	3356.000	0.041
0	500	116.000	3386.000	0.034
0	550	146.000	3302.000	0.044
0	600	148.000	3305.000	0.045
0	650	163.000	3335.000	0.049
0	700	146.000	3324.000	0.044
0	750	136.000	3311.000	0.041
0	800	155.000	3343.000	0.046
0	850	0.000	145.000	0.000
0	900	151.000	3391.000	0.045
0	950	162.000	3331.000	0.049
0	1000	153.000	3341.000	0.046
0	1050	146.000	3318.000	0.044
0	1100	177.000	3261.000	0.054
0	1150	172.000	3364.000	0.051
0	1200	238.000	3380.000	0.070
0	1250	245.000	3340.000	0.073
0	1300	257.000	3271.000	0.079
0	1350	243.000	3341.000	0.073
0	1400	235.000	3322.000	0.071
0	1450	241.000	3329.000	0.072
0	1500	280.000	3314.000	0.084
0	1550	370.000	3267.000	0.113
0	1600	535.000	3300.000	0.162
0	1650	927.000	3312.000	0.280
0	1700	1166.000	3306.000	0.353
0	1750	1241.000	3334.000	0.372
0	1800	818.000	3284.000	0.249
0	1850	494.000	3217.000	0.154
0	1900	405.000	3328.000	0.122
0	1950	395.000	3309.000	0.119
0	2000	429.000	3318.000	0.129
0	2050	401.000	3335.000	0.120
0	2100	377.000	3356.000	0.112
0	2150	401.000	3340.000	0.120
0	2200	435.000	3340.000	0.130
0	2250	511.000	3339.000	0.153
0	2300	742.000	3374.000	0.220
0	2350	961.000	3402.000	0.282
0	2400	884.000	3383.000	0.261
0	2450	634.000	3329.000	0.190
0	2500	372.000	3321.000	0.112
0	2550	304.000	3333.000	0.091
0	2600	283.000	3400.000	0.083
0	2650	213.000	3373.000	0.063
0	2700	213.000	3384.000	0.063
0	2750	180.000	3325.000	0.054
0	2800	146.000	3297.000	0.044
0	2850	140.000	3411.000	0.041
0	2900	109.000	3303.000	0.033
0	2950	136.000	3341.000	0.041
0	3000	123.000	3291.000	0.037
0	3050	115.000	3279.000	0.035
0	3100	101.000	3315.000	0.030
0	3150	93.000	3430.000	0.027
0	3200	87.000	3334.000	0.026
0	3250	84.000	3359.000	0.025
0	3300	75.000	3356.000	0.022
0	3350	68.000	3371.000	0.020
0	3400	52.000	3388.000	0.015
0	3450	55.000	3354.000	0.016
0	3500	49.000	3384.000	0.014
0	3550	40.000	3380.000	0.012
0	3600	29.000	3373.000	0.009
0	3650	26.000	3315.000	0.008
0	3700	28.000	3434.000	0.008
0	3750	20.000	3404.000	0.006
0	3800	11.000	3416.000	0.003
0	3850	21.000	3410.000	0.006
0	3900	16.000	3350.000	0.005
0	3950	12.000	3357.000	0.004
0	4000	11.000	3463.000	0.003
0	4050	9.000	3444.000	0.003
0	4100	15.000	3340.000	0.004
0	4150	4.000	3444.000	0.001
0	4200	4.000	3369.000	0.001
0	4250	2.000	3391.000	0.001
0	4300	3.000	3385.000	0.001
0	4350	5.000	3449.000	0.001
0	4400	0.000	3331.000	0.000
0	4450	4.000	3405.000	0.001
0	4500	3.000	3393.000	0.001
0	4550	1.000	3331.000	0.000
0	4600	1.000	3381.000	0.000
0	4650	1.000	3327.000	0.000
0	4700	1.000	3412.000	0.000
0	4750	0.000	3358.000	0.000
0	4800	1.000	3493.000	0.000
0	4850	2.000	3392.000	0.001
0	4900	0.000	3402.000	0.000
0	4950	0.000	3471.000	0.000
0	5000	2.000	3400.000	0.001
				
				
				
				
				
				
				
				
				
				
				
				
				
				
				
				
				
				
				
				
				
				
				
				
				
				
				
				
				
				
				
				
				
				
				
				
				
				
				
				
				
				
				
				
				
				
				
				
				
				
				
				
				
				
				
				
				
				
				
				
				
				
				
				
				
				
				
				
				
				
				
				
				
				
				
				
				
				
				
				
				
				
				
				
				
				
				
				
				
				
				
				
				
				
				
				
				
				
				
				
				
				
				
				
				
				
				
				
				
				
				
				
				
				
				
				
				
				
				
				
				
				
				
				
				
				
				
				
				
				
				
				
				
				
				
				
				
				
				
				
				
				
				
				
				
				
				
				
				
				
				
				
				
				
				
				
				
				
				
				
				
				
				
				
				
				
				
				
				
				
				
				
				
				
				
				
				
				
				
				
				
				
				
				
				
				
				
				
				
				
				
				
				
				
				
				
				
				
				
				
				
				
				
				
				
				
				
				
				
				
				
				
				
				
				
				
				
				
				
				
				
				
				
				
				
				
				
				
				
				
				
				
				
				
				
				
				
				
				
				
				
				
				
				
				
				
				
				
				
				
				
				
				
				
				
				
				
				
				
				
				
				
				
				
				
				
				
				
				
				
				
				
				
				
				
				
				
				
				
				
				
				
				
				
				
				
				
				
				
				
				
				
				
				
				
				
				
				
				
				
				
				
				
				
				
				
				
				
				
				
				
				
				
				
				
				
				
				
				
				
				
				
				
				
				
				
				
				
				
				
				
				
				
				
				
				
				
				
				
				
				
				
				
				
				
				
				
				
				
				
				
				
				
				
				
				
				
				
				
				
				
				
				
				
				
				
				
				
				
				
				
				
				
				
				
				
				
				
				
				
				
				
				
				
				
				
				
				
				
				
				
				
				
				
				
				
				
				
				
				
				
				
				
				
				
				
				
				
				
				
				
				
				
				
				
				
				
				
				
				
				
				
				
				
				
				
				
				
				
				
				
				
				
				
				
				
				
				
				
				
				
				
				
				
				
				
				
				
				
				
				
				
				
				
				
				
				
				
				
				
				
				
				
				
				
				
				
				
				
				
				
				
				
				
				
				
				
				
				
				
				
				
				
				
				
				
				
				
				
				
				
				
				
				
				
				
				
				
				
				
				
				
				
				
				
				
				
				
				
				
				
				
				
				
				
				
				
				
				
				
				
				
				
				
				
				
				
				
				
				
				
				
				
				
				
				
				
				
				
				
				
				
				
				
				
				
				
				
				
				
				
				
				
				
				
				
				
				
				
				
				
				
				
				
				
				
				
				
				
				
				
				
				
				
				
				
				
				
				
				
				
				
				
				
				
				
				
				
				
				
				
				
				
				
				
				
				
				
				
				
				
				
				
				
				
				
				
				
				
				
				
				
				
				
				
				
				
				
				
				
				
				
				
				
				
				
				
				
				
				
				
				
				
				
				
				
				
				
				
				
				
				
				
				
				
				
				
				
				
				
				
				
				
				
				
				
				
				
				
				
				
				
				
				
				
				
				
				
				
				
				
				
				
				
				
				
				
				
				
				
				
				
				
				
				
				
				
				
				
				
				
				
				
				
				
				
				
				
				
				
				
				
				
				
				
				
				
				
				
				
				
				
				
				
				
				
				
				
				
				
				
				
				
				
				
				
				
				
				
				
				
				
				
				
				
				
				
				
				
				
				
				
				
				
				
				
				
				
				
				
				
				
				
				
				
				
				
				
				
				
				
				
				
				
				
				
				
				
				
				
				
				
				
				
				
				
				
				
				
				
				
				
				
				
				
				
				
				
				
				
				
				
				
				
				
				
				
				
				
				
				
				
				
				
				
				
				
				
				
				
				
				
				
				
				
				
				
				
				
				
				
				
				
				
				
				
				
				
				
				
				
				
				
				
				
				
				
				
				
				
				
				
				
				
				
				
				
				
				
				
				
				
				
				
				
				
				
				
				
				
				
				
				
				
				
				
				
				
				
				
				
				
				
				
				
				
				
				
				
				
				
				
				
				
				
				
				
				
				
				
				
				
				
				
				
				
				
				
				
