0	0	0.000	0.000	NaN
0	50	0.000	0.000	NaN
0	100	1.000	3405.000	0.000
0	150	1.000	3399.000	0.000
0	200	0.000	3449.000	0.000
0	250	0.000	3429.000	0.000
0	300	0.000	3379.000	0.000
0	350	0.000	3450.000	0.000
0	400	0.000	3433.000	0.000
0	450	0.000	3399.000	0.000
0	500	1.000	3359.000	0.000
0	550	0.000	3447.000	0.000
0	600	0.000	3494.000	0.000
0	650	1.000	3372.000	0.000
0	700	1.000	3447.000	0.000
0	750	0.000	3352.000	0.000
0	800	0.000	3381.000	0.000
0	850	0.000	3425.000	0.000
0	900	0.000	3402.000	0.000
0	950	0.000	3411.000	0.000
0	1000	0.000	3367.000	0.000
0	1050	1.000	3425.000	0.000
0	1100	0.000	3380.000	0.000
0	1150	1.000	3438.000	0.000
0	1200	0.000	3395.000	0.000
0	1250	2.000	3385.000	0.001
0	1300	1.000	3463.000	0.000
0	1350	1.000	3454.000	0.000
0	1400	2.000	3420.000	0.001
0	1450	4.000	3455.000	0.001
0	1500	4.000	3401.000	0.001
0	1550	8.000	3463.000	0.002
0	1600	14.000	3460.000	0.004
0	1650	0.000	17.000	0.000
0	1700	10.000	3374.000	0.003
0	1750	1.000	3447.000	0.000
0	1800	3.000	3486.000	0.001
0	1850	0.000	3386.000	0.000
0	1900	9.000	3448.000	0.003
0	1950	15.000	3438.000	0.004
0	2000	18.000	3376.000	0.005
0	2050	48.000	3414.000	0.014
0	2100	171.000	3377.000	0.051
0	2150	481.000	3432.000	0.140
0	2200	791.000	3369.000	0.235
0	2250	818.000	3389.000	0.241
0	2300	411.000	3399.000	0.121
0	2350	157.000	3417.000	0.046
0	2400	44.000	3423.000	0.013
0	2450	20.000	3432.000	0.006
0	2500	4.000	3416.000	0.001
0	2550	4.000	3393.000	0.001
0	2600	5.000	3378.000	0.001
0	2650	4.000	3444.000	0.001
0	2700	1.000	3439.000	0.000
0	2750	4.000	3423.000	0.001
0	2800	2.000	3436.000	0.001
0	2850	2.000	3460.000	0.001
0	2900	3.000	3437.000	0.001
0	2950	4.000	3443.000	0.001
0	3000	6.000	3447.000	0.002
0	3050	9.000	3533.000	0.003
0	3100	29.000	3459.000	0.008
0	3150	74.000	3405.000	0.022
0	3200	256.000	3419.000	0.075
0	3250	604.000	3367.000	0.179
0	3300	1007.000	3517.000	0.286
0	3350	896.000	3374.000	0.266
0	3400	563.000	3493.000	0.161
0	3450	173.000	3355.000	0.052
0	3500	59.000	3292.000	0.018
0	3550	20.000	3425.000	0.006
0	3600	8.000	3407.000	0.002
0	3650	7.000	3458.000	0.002
0	3700	5.000	3419.000	0.001
0	3750	6.000	3413.000	0.002
0	3800	5.000	3495.000	0.001
0	3850	7.000	3417.000	0.002
0	3900	10.000	3445.000	0.003
0	3950	8.000	3405.000	0.002
0	4000	8.000	3396.000	0.002
0	4050	8.000	3349.000	0.002
0	4100	8.000	3494.000	0.002
0	4150	9.000	3365.000	0.003
0	4200	10.000	3434.000	0.003
0	4250	5.000	3393.000	0.001
0	4300	3.000	3406.000	0.001
0	4350	0.000	3397.000	0.000
0	4400	3.000	3382.000	0.001
0	4450	4.000	3369.000	0.001
0	4500	6.000	3329.000	0.002
				
				
				
				
				
				
				
				
				
				
				
				
				
				
				
				
				
				
				
				
				
				
				
				
				
				
				
				
				
				
				
				
				
				
				
				
				
				
				
				
				
				
				
				
				
				
				
				
				
				
				
				
				
				
				
				
				
				
				
				
				
				
				
				
				
				
				
				
				
				
				
				
				
				
				
				
				
				
				
				
				
				
				
				
				
				
				
				
				
				
				
				
				
				
				
				
				
				
				
				
				
				
				
				
				
				
				
				
				
				
				
				
				
				
				
				
				
				
				
				
				
				
				
				
				
				
				
				
				
				
				
				
				
				
				
				
				
				
				
				
				
				
				
				
				
				
				
				
				
				
				
				
				
				
				
				
				
				
				
				
				
				
				
				
				
				
				
				
				
				
				
				
				
				
				
				
				
				
				
				
				
				
				
				
				
				
				
				
				
				
				
				
				
				
				
				
				
				
				
				
				
				
				
				
				
				
				
				
				
				
				
				
				
				
				
				
				
				
				
				
				
				
				
				
				
				
				
				
				
				
				
				
				
				
				
				
				
				
				
				
				
				
				
				
				
				
				
				
				
				
				
				
				
				
				
				
				
				
				
				
				
				
				
				
				
				
				
				
				
				
				
				
				
				
				
				
				
				
				
				
				
				
				
				
				
				
				
				
				
				
				
				
				
				
				
				
				
				
				
				
				
				
				
				
				
				
				
				
				
				
				
				
				
				
				
				
				
				
				
				
				
				
				
				
				
				
				
				
				
				
				
				
				
				
				
				
				
				
				
				
				
				
				
				
				
				
				
				
				
				
				
				
				
				
				
				
				
				
				
				
				
				
				
				
				
				
				
				
				
				
				
				
				
				
				
				
				
				
				
				
				
				
				
				
				
				
				
				
				
				
				
				
				
				
				
				
				
				
				
				
				
				
				
				
				
				
				
				
				
				
				
				
				
				
				
				
				
				
				
				
				
				
				
				
				
				
				
				
				
				
				
				
				
				
				
				
				
				
				
				
				
				
				
				
				
				
				
				
				
				
				
				
				
				
				
				
				
				
				
				
				
				
				
				
				
				
				
				
				
				
				
				
				
				
				
				
				
				
				
				
				
				
				
				
				
				
				
				
				
				
				
				
				
				
				
				
				
				
				
				
				
				
				
				
				
				
				
				
				
				
				
				
				
				
				
				
				
				
				
				
				
				
				
				
				
				
				
				
				
				
				
				
				
				
				
				
				
				
				
				
				
				
				
				
				
				
				
				
				
				
				
				
				
				
				
				
				
				
				
				
				
				
				
				
				
				
				
				
				
				
				
				
				
				
				
				
				
				
				
				
				
				
				
				
				
				
				
				
				
				
				
				
				
				
				
				
				
				
				
				
				
				
				
				
				
				
				
				
				
				
				
				
				
				
				
				
				
				
				
				
				
				
				
				
				
				
				
				
				
				
				
				
				
				
				
				
				
				
				
				
				
				
				
				
				
				
				
				
				
				
				
				
				
				
				
				
				
				
				
				
				
				
				
				
				
				
				
				
				
				
				
				
				
				
				
				
				
				
				
				
				
				
				
				
				
				
				
				
				
				
				
				
				
				
				
				
				
				
				
				
				
				
				
				
				
				
				
				
				
				
				
				
				
				
				
				
				
				
				
				
				
				
				
				
				
				
				
				
				
				
				
				
				
				
				
				
				
				
				
				
				
				
				
				
				
				
				
				
				
				
				
				
				
				
				
				
				
				
				
				
				
				
				
				
				
				
				
				
				
				
				
				
				
				
				
				
				
				
				
				
				
				
				
				
				
				
				
				
				
				
				
				
				
				
				
				
				
				
				
				
				
				
				
				
				
				
				
				
				
				
				
				
				
				
				
				
				
				
				
				
				
				
				
				
				
				
				
				
				
				
				
				
				
				
				
				
				
				
				
				
				
				
				
				
				
				
				
				
				
				
				
				
				
				
				
				
				
				
				
				
				
				
				
				
				
				
				
				
				
				
				
				
				
				
				
				
				
				
				
				
				
				
				
				
				
				
				
				
				
				
				
				
				
				
				
				
				
				
				
				
				
				
				
				
				
				
				
				
				
