0	0	0.000	2.000	0.000
0	50	0.000	7.000	0.000
0	100	58.000	1405.000	0.041
0	150	101.000	1926.000	0.052
0	200	0.000	84.000	0.000
0	250	90.000	1784.000	0.050
0	300	91.000	1691.000	0.054
0	350	94.000	1778.000	0.053
0	400	85.000	1690.000	0.050
0	450	96.000	1659.000	0.058
0	500	89.000	1599.000	0.056
0	550	103.000	1892.000	0.054
0	600	85.000	1814.000	0.047
0	650	104.000	1668.000	0.062
0	700	109.000	1761.000	0.062
0	750	100.000	1819.000	0.055
0	800	124.000	1773.000	0.070
0	850	93.000	1760.000	0.053
0	900	107.000	1688.000	0.063
0	950	119.000	1697.000	0.070
0	1000	94.000	1684.000	0.056
0	1050	111.000	1636.000	0.068
0	1100	99.000	1625.000	0.061
0	1150	119.000	1692.000	0.070
0	1200	123.000	1774.000	0.069
0	1250	131.000	1714.000	0.076
0	1300	133.000	1817.000	0.073
0	1350	126.000	1650.000	0.076
0	1400	161.000	1727.000	0.093
0	1450	265.000	1845.000	0.144
0	1500	196.000	1871.000	0.105
0	1550	224.000	1892.000	0.118
0	1600	356.000	1756.000	0.203
0	1650	204.000	1832.000	0.111
0	1700	0.000	224.000	0.000
0	1750	464.000	1653.000	0.281
0	1800	630.000	1629.000	0.387
0	1850	1154.000	1536.000	0.751
0	1900	330.000	1660.000	0.199
0	1950	259.000	1609.000	0.161
0	2000	402.000	1768.000	0.227
0	2050	770.000	1673.000	0.460
0	2100	308.000	1620.000	0.190
0	2150	1065.000	1676.000	0.635
0	2200	584.000	1694.000	0.345
0	2250	884.000	1741.000	0.508
0	2300	177.000	1804.000	0.098
0	2350	208.000	1612.000	0.129
0	2400	179.000	1636.000	0.109
0	2450	172.000	1651.000	0.104
0	2500	168.000	1587.000	0.106
0	2550	186.000	1473.000	0.126
0	2600	137.000	1528.000	0.090
0	2650	168.000	1787.000	0.094
0	2700	134.000	1587.000	0.084
0	2750	157.000	1619.000	0.097
0	2800	161.000	1447.000	0.111
0	2850	144.000	1575.000	0.091
0	2900	145.000	1626.000	0.089
0	2950	149.000	1687.000	0.088
0	3000	141.000	1641.000	0.086
				
				
				
				
				
				
				
				
				
				
				
				
				
				
				
				
				
				
				
				
				
				
				
				
				
				
				
				
				
				
				
				
				
				
				
				
				
				
				
				
				
				
				
				
				
				
				
				
				
				
				
				
				
				
				
				
				
				
				
				
				
				
				
				
				
				
				
				
				
				
				
				
				
				
				
				
				
				
				
				
				
				
				
				
				
				
				
				
				
				
				
				
				
				
				
				
				
				
				
				
				
				
				
				
				
				
				
				
				
				
				
				
				
				
				
				
				
				
				
				
				
				
				
				
				
				
				
				
				
				
				
				
				
				
				
				
				
				
				
				
				
				
				
				
				
				
				
				
				
				
				
				
				
				
				
				
				
				
				
				
				
				
				
				
				
				
				
				
				
				
				
				
				
				
				
				
				
				
				
				
				
				
				
				
				
				
				
				
				
				
				
				
				
				
				
				
				
				
				
				
				
				
				
				
				
				
				
				
				
				
				
				
				
				
				
				
				
				
				
				
				
				
				
				
				
				
				
				
				
				
				
				
				
				
				
				
				
				
				
				
				
				
				
				
				
				
				
				
				
				
				
				
				
				
				
				
				
				
				
				
				
				
				
				
				
				
				
				
				
				
				
				
				
				
				
				
				
				
				
				
				
				
				
				
				
				
				
				
				
				
				
				
				
				
				
				
				
				
				
				
				
				
				
				
				
				
				
				
				
				
				
				
				
				
				
				
				
				
				
				
				
				
				
				
				
				
				
				
				
				
				
				
				
				
				
				
				
				
				
				
				
				
				
				
				
				
				
				
				
				
				
				
				
				
				
				
				
				
				
				
				
				
				
				
				
				
				
				
				
				
				
				
				
				
				
				
				
				
				
				
				
				
				
				
				
				
				
				
				
				
				
				
				
				
				
				
				
				
				
				
				
				
				
				
				
				
				
				
				
				
				
				
				
				
				
				
				
				
				
				
				
				
				
				
				
				
				
				
				
				
				
				
				
				
				
				
				
				
				
				
				
				
				
				
				
				
				
				
				
				
				
				
				
				
				
				
				
				
				
				
				
				
				
				
				
				
				
				
				
				
				
				
				
				
				
				
				
				
				
				
				
				
				
				
				
				
				
				
				
				
				
				
				
				
				
				
				
				
				
				
				
				
				
				
				
				
				
				
				
				
				
				
				
				
				
				
				
				
				
				
				
				
				
				
				
				
				
				
				
				
				
				
				
				
				
				
				
				
				
				
				
				
				
				
				
				
				
				
				
				
				
				
				
				
				
				
				
				
				
				
				
				
				
				
				
				
				
				
				
				
				
				
				
				
				
				
				
				
				
				
				
				
				
				
				
				
				
				
				
				
				
				
				
				
				
				
				
				
				
				
				
				
				
				
				
				
				
				
				
				
				
				
				
				
				
				
				
				
				
				
				
				
				
				
				
				
				
				
				
				
				
				
				
				
				
				
				
				
				
				
				
				
				
				
				
				
				
				
				
				
				
				
				
				
				
				
				
				
				
				
				
				
				
				
				
				
				
				
				
				
				
				
				
				
				
				
				
				
				
				
				
				
				
				
				
				
				
				
				
				
				
				
				
				
				
				
				
				
				
				
				
				
				
				
				
				
				
				
				
				
				
				
				
				
				
				
				
				
				
				
				
				
				
				
				
				
				
				
				
				
				
				
				
				
				
				
				
				
				
				
				
				
				
				
				
				
				
				
				
				
				
				
				
				
				
				
				
				
				
				
				
				
				
				
				
				
				
				
				
				
				
				
				
				
				
				
				
				
				
				
				
				
				
				
				
				
				
				
				
				
				
				
				
				
				
				
				
				
				
				
				
				
				
				
				
				
				
				
				
				
				
				
				
				
				
				
				
				
				
				
				
				
				
				
				
				
				
				
				
				
				
				
				
				
				
				
				
				
				
				
				
				
				
				
				
				
				
				
				
				
				
				
				
				
				
				
				
				
				
				
				
				
				
				
				
				
				
				
				
				
				
				
				
				
				
				
				
				
				
				
				
				
				
				
				
				
				
				
				
				
				
				
				
				
				
				
				
				
				
				
				
				
				
				
				
				
				
				
				
				
				
				
				
				
				
				
				
				
				
				
				
				
				
				
				
				
				
				
				
				
				
				
				
				
				
				
				
				
				
