0	0	10.000	3319.000	0.003
0	50	4.000	3339.000	0.001
0	100	12.000	3440.000	0.003
0	150	16.000	3388.000	0.005
0	200	15.000	3414.000	0.004
0	250	21.000	3374.000	0.006
0	300	15.000	3342.000	0.004
0	350	20.000	3390.000	0.006
0	400	23.000	3364.000	0.007
0	450	37.000	3358.000	0.011
0	500	37.000	3335.000	0.011
0	550	36.000	3335.000	0.011
0	600	45.000	3283.000	0.014
0	650	47.000	3332.000	0.014
0	700	56.000	3381.000	0.017
0	750	77.000	3366.000	0.023
0	800	85.000	3347.000	0.025
0	850	85.000	3349.000	0.025
0	900	105.000	3385.000	0.031
0	950	64.000	3432.000	0.019
0	1000	124.000	3409.000	0.036
0	1050	112.000	3358.000	0.033
0	1100	120.000	3342.000	0.036
0	1150	140.000	3432.000	0.041
0	1200	130.000	3369.000	0.039
0	1250	134.000	3299.000	0.041
0	1300	126.000	3281.000	0.038
0	1350	153.000	3329.000	0.046
0	1400	133.000	3330.000	0.040
0	1450	134.000	3327.000	0.040
0	1500	116.000	3331.000	0.035
0	1550	141.000	3294.000	0.043
0	1600	165.000	3405.000	0.048
0	1650	176.000	3345.000	0.053
0	1700	215.000	3383.000	0.064
0	1750	187.000	3339.000	0.056
0	1800	200.000	3370.000	0.059
0	1850	210.000	3264.000	0.064
0	1900	224.000	3281.000	0.068
0	1950	196.000	3289.000	0.060
0	2000	265.000	3230.000	0.082
0	2050	276.000	3276.000	0.084
0	2100	257.000	3283.000	0.078
0	2150	299.000	3323.000	0.090
0	2200	424.000	3320.000	0.128
0	2250	682.000	3329.000	0.205
0	2300	1097.000	3314.000	0.331
0	2350	1323.000	3347.000	0.395
0	2400	1099.000	3268.000	0.336
0	2450	685.000	3415.000	0.201
0	2500	471.000	3336.000	0.141
0	2550	383.000	3169.000	0.121
0	2600	398.000	3328.000	0.120
0	2650	413.000	3251.000	0.127
0	2700	387.000	3258.000	0.119
0	2750	338.000	3234.000	0.105
0	2800	339.000	3149.000	0.108
0	2850	397.000	3164.000	0.125
0	2900	567.000	3269.000	0.173
0	2950	794.000	3196.000	0.248
0	3000	898.000	3191.000	0.281
0	3050	722.000	3221.000	0.224
0	3100	383.000	3238.000	0.118
0	3150	285.000	3200.000	0.089
0	3200	246.000	3252.000	0.076
0	3250	241.000	3313.000	0.073
0	3300	192.000	3279.000	0.059
0	3350	169.000	3204.000	0.053
0	3400	142.000	3276.000	0.043
0	3450	139.000	3341.000	0.042
0	3500	132.000	3364.000	0.039
0	3550	125.000	3292.000	0.038
0	3600	115.000	3314.000	0.035
0	3650	117.000	3385.000	0.035
0	3700	117.000	3350.000	0.035
0	3750	97.000	3245.000	0.030
0	3800	88.000	3353.000	0.026
0	3850	59.000	3311.000	0.018
0	3900	69.000	3299.000	0.021
0	3950	62.000	3351.000	0.019
0	4000	61.000	3233.000	0.019
0	4050	50.000	3316.000	0.015
0	4100	45.000	3279.000	0.014
0	4150	41.000	3258.000	0.013
0	4200	30.000	3262.000	0.009
0	4250	24.000	3200.000	0.007
0	4300	35.000	3284.000	0.011
0	4350	17.000	3276.000	0.005
0	4400	28.000	3336.000	0.008
0	4450	21.000	3345.000	0.006
0	4500	12.000	3256.000	0.004
0	4550	18.000	3247.000	0.006
0	4600	14.000	3297.000	0.004
0	4650	10.000	3267.000	0.003
0	4700	9.000	3213.000	0.003
0	4750	8.000	3313.000	0.002
0	4800	7.000	3273.000	0.002
0	4850	7.000	3287.000	0.002
0	4900	2.000	3281.000	0.001
0	4950	3.000	3284.000	0.001
0	5000	4.000	3330.000	0.001
0	5050	1.000	3233.000	0.000
0	5100	2.000	3312.000	0.001
0	5150	0.000	3311.000	0.000
0	5200	2.000	3310.000	0.001
0	5250	1.000	3341.000	0.000
0	5300	0.000	3320.000	0.000
0	5350	2.000	3238.000	0.001
0	5400	0.000	3306.000	0.000
0	5450	0.000	3270.000	0.000
0	5500	1.000	3344.000	0.000
0	5550	0.000	3279.000	0.000
0	5600	1.000	3345.000	0.000
0	5650	1.000	3231.000	0.000
0	5700	1.000	3296.000	0.000
0	5750	0.000	3402.000	0.000
0	5800	0.000	3313.000	0.000
0	5850	0.000	3292.000	0.000
0	5900	1.000	3324.000	0.000
0	5950	1.000	3308.000	0.000
0	6000	1.000	3242.000	0.000
				
				
				
				
				
				
				
				
				
				
				
				
				
				
				
				
				
				
				
				
				
				
				
				
				
				
				
				
				
				
				
				
				
				
				
				
				
				
				
				
				
				
				
				
				
				
				
				
				
				
				
				
				
				
				
				
				
				
				
				
				
				
				
				
				
				
				
				
				
				
				
				
				
				
				
				
				
				
				
				
				
				
				
				
				
				
				
				
				
				
				
				
				
				
				
				
				
				
				
				
				
				
				
				
				
				
				
				
				
				
				
				
				
				
				
				
				
				
				
				
				
				
				
				
				
				
				
				
				
				
				
				
				
				
				
				
				
				
				
				
				
				
				
				
				
				
				
				
				
				
				
				
				
				
				
				
				
				
				
				
				
				
				
				
				
				
				
				
				
				
				
				
				
				
				
				
				
				
				
				
				
				
				
				
				
				
				
				
				
				
				
				
				
				
				
				
				
				
				
				
				
				
				
				
				
				
				
				
				
				
				
				
				
				
				
				
				
				
				
				
				
				
				
				
				
				
				
				
				
				
				
				
				
				
				
				
				
				
				
				
				
				
				
				
				
				
				
				
				
				
				
				
				
				
				
				
				
				
				
				
				
				
				
				
				
				
				
				
				
				
				
				
				
				
				
				
				
				
				
				
				
				
				
				
				
				
				
				
				
				
				
				
				
				
				
				
				
				
				
				
				
				
				
				
				
				
				
				
				
				
				
				
				
				
				
				
				
				
				
				
				
				
				
				
				
				
				
				
				
				
				
				
				
				
				
				
				
				
				
				
				
				
				
				
				
				
				
				
				
				
				
				
				
				
				
				
				
				
				
				
				
				
				
				
				
				
				
				
				
				
				
				
				
				
				
				
				
				
				
				
				
				
				
				
				
				
				
				
				
				
				
				
				
				
				
				
				
				
				
				
				
				
				
				
				
				
				
				
				
				
				
				
				
				
				
				
				
				
				
				
				
				
				
				
				
				
				
				
				
				
				
				
				
				
				
				
				
				
				
				
				
				
				
				
				
				
				
				
				
				
				
				
				
				
				
				
				
				
				
				
				
				
				
				
				
				
				
				
				
				
				
				
				
				
				
				
				
				
				
				
				
				
				
				
				
				
				
				
				
				
				
				
				
				
				
				
				
				
				
				
				
				
				
				
				
				
				
				
				
				
				
				
				
				
				
				
				
				
				
				
				
				
				
				
				
				
				
				
				
				
				
				
				
				
				
				
				
				
				
				
				
				
				
				
				
				
				
				
				
				
				
				
				
				
				
				
				
				
				
				
				
				
				
				
				
				
				
				
				
				
				
				
				
				
				
				
				
				
				
				
				
				
				
				
				
				
				
				
				
				
				
				
				
				
				
				
				
				
				
				
				
				
				
				
				
				
				
				
				
				
				
				
				
				
				
				
				
				
				
				
				
				
				
				
				
				
				
				
				
				
				
				
				
				
				
				
				
				
				
				
				
				
				
				
				
				
				
				
				
				
				
				
				
				
				
				
				
				
				
				
				
				
				
				
				
				
				
				
				
				
				
				
				
				
				
				
				
				
				
				
				
				
				
				
				
				
				
				
				
				
				
				
				
				
				
				
				
				
				
				
				
				
				
				
				
				
				
				
				
				
				
				
				
				
				
				
				
				
				
				
				
				
				
				
				
				
				
				
				
				
				
				
				
				
				
				
				
				
				
				
				
				
				
				
				
				
				
				
				
				
				
				
				
				
				
				
				
				
				
				
				
				
				
				
				
				
				
				
				
				
				
				
				
				
				
				
				
				
				
				
				
				
				
				
				
				
				
				
				
				
				
				
				
				
				
				
				
				
				
				
				
				
				
				
				
				
				
				
				
				
				
				
				
				
				
				
				
				
				
				
				
				
				
				
				
				
				
				
				
				
				
				
				
				
				
				
				
				
				
				
				
				
				
				
				
				
				
				
				
				
				
				
				
				
				
				
				
				
				
				
				
				
				
				
				
				
				
				
				
				
				
				
				
				
				
				
				
				
				
