0	0	20.000	3107.000	0.006
0	50	18.000	4374.000	0.004
0	100	23.000	3222.000	0.007
0	150	17.000	3192.000	0.005
0	200	21.000	2987.000	0.007
0	250	23.000	2998.000	0.008
0	300	23.000	2956.000	0.008
0	350	29.000	2923.000	0.010
0	400	24.000	2965.000	0.008
0	450	27.000	3013.000	0.009
0	500	31.000	3107.000	0.010
0	550	30.000	3096.000	0.010
0	600	29.000	2966.000	0.010
0	650	27.000	3039.000	0.009
0	700	34.000	2969.000	0.011
0	750	19.000	2933.000	0.006
0	800	28.000	2945.000	0.010
0	850	29.000	3015.000	0.010
0	900	28.000	2852.000	0.010
0	950	28.000	2933.000	0.010
0	1000	25.000	3167.000	0.008
0	1050	36.000	2938.000	0.012
0	1100	40.000	3052.000	0.013
0	1150	47.000	3081.000	0.015
0	1200	39.000	3113.000	0.013
0	1250	24.000	3176.000	0.008
0	1300	36.000	3262.000	0.011
0	1350	36.000	3159.000	0.011
0	1400	38.000	3307.000	0.011
0	1450	36.000	3281.000	0.011
0	1500	35.000	3303.000	0.011
0	1550	36.000	3193.000	0.011
0	1600	42.000	3101.000	0.014
0	1650	34.000	3157.000	0.011
0	1700	40.000	2981.000	0.013
0	1750	51.000	3308.000	0.015
0	1800	53.000	3131.000	0.017
0	1850	58.000	3183.000	0.018
0	1900	172.000	3284.000	0.052
0	1950	130.000	3109.000	0.042
0	2000	75.000	3304.000	0.023
0	2050	68.000	3189.000	0.021
0	2100	94.000	3145.000	0.030
0	2150	87.000	3204.000	0.027
0	2200	79.000	3247.000	0.024
0	2250	86.000	3142.000	0.027
0	2300	47.000	3135.000	0.015
0	2350	440.000	3020.000	0.146
0	2400	540.000	2981.000	0.181
0	2450	82.000	3024.000	0.027
0	2500	55.000	3042.000	0.018
0	2550	68.000	2788.000	0.024
0	2600	45.000	2975.000	0.015
0	2650	44.000	3054.000	0.014
0	2700	50.000	2925.000	0.017
0	2750	63.000	3138.000	0.020
0	2800	46.000	2994.000	0.015
0	2850	41.000	3026.000	0.014
0	2900	45.000	3199.000	0.014
0	2950	44.000	3092.000	0.014
0	3000	47.000	3246.000	0.014
0	3050	38.000	3178.000	0.012
0	3100	49.000	2904.000	0.017
0	3150	38.000	3129.000	0.012
0	3200	43.000	2995.000	0.014
0	3250	40.000	3007.000	0.013
0	3300	51.000	3258.000	0.016
0	3350	43.000	3075.000	0.014
0	3400	36.000	2809.000	0.013
0	3450	46.000	3085.000	0.015
0	3500	43.000	2855.000	0.015
0	3550	46.000	2997.000	0.015
0	3600	41.000	2880.000	0.014
0	3650	40.000	3139.000	0.013
0	3700	34.000	3042.000	0.011
0	3750	44.000	3026.000	0.015
0	3800	35.000	2849.000	0.012
0	3850	34.000	3158.000	0.011
0	3900	46.000	5981.000	0.008
0	3950	32.000	5826.000	0.005
0	4000	38.000	4835.000	0.008
				
				
				
				
				
				
				
				
				
				
				
				
				
				
				
				
				
				
				
				
				
				
				
				
				
				
				
				
				
				
				
				
				
				
				
				
				
				
				
				
				
				
				
				
				
				
				
				
				
				
				
				
				
				
				
				
				
				
				
				
				
				
				
				
				
				
				
				
				
				
				
				
				
				
				
				
				
				
				
				
				
				
				
				
				
				
				
				
				
				
				
				
				
				
				
				
				
				
				
				
				
				
				
				
				
				
				
				
				
				
				
				
				
				
				
				
				
				
				
				
				
				
				
				
				
				
				
				
				
				
				
				
				
				
				
				
				
				
				
				
				
				
				
				
				
				
				
				
				
				
				
				
				
				
				
				
				
				
				
				
				
				
				
				
				
				
				
				
				
				
				
				
				
				
				
				
				
				
				
				
				
				
				
				
				
				
				
				
				
				
				
				
				
				
				
				
				
				
				
				
				
				
				
				
				
				
				
				
				
				
				
				
				
				
				
				
				
				
				
				
				
				
				
				
				
				
				
				
				
				
				
				
				
				
				
				
				
				
				
				
				
				
				
				
				
				
				
				
				
				
				
				
				
				
				
				
				
				
				
				
				
				
				
				
				
				
				
				
				
				
				
				
				
				
				
				
				
				
				
				
				
				
				
				
				
				
				
				
				
				
				
				
				
				
				
				
				
				
				
				
				
				
				
				
				
				
				
				
				
				
				
				
				
				
				
				
				
				
				
				
				
				
				
				
				
				
				
				
				
				
				
				
				
				
				
				
				
				
				
				
				
				
				
				
				
				
				
				
				
				
				
				
				
				
				
				
				
				
				
				
				
				
				
				
				
				
				
				
				
				
				
				
				
				
				
				
				
				
				
				
				
				
				
				
				
				
				
				
				
				
				
				
				
				
				
				
				
				
				
				
				
				
				
				
				
				
				
				
				
				
				
				
				
				
				
				
				
				
				
				
				
				
				
				
				
				
				
				
				
				
				
				
				
				
				
				
				
				
				
				
				
				
				
				
				
				
				
				
				
				
				
				
				
				
				
				
				
				
				
				
				
				
				
				
				
				
				
				
				
				
				
				
				
				
				
				
				
				
				
				
				
				
				
				
				
				
				
				
				
				
				
				
				
				
				
				
				
				
				
				
				
				
				
				
				
				
				
				
				
				
				
				
				
				
				
				
				
				
				
				
				
				
				
				
				
				
				
				
				
				
				
				
				
				
				
				
				
				
				
				
				
				
				
				
				
				
				
				
				
				
				
				
				
				
				
				
				
				
				
				
				
				
				
				
				
				
				
				
				
				
				
				
				
				
				
				
				
				
				
				
				
				
				
				
				
				
				
				
				
				
				
				
				
				
				
				
				
				
				
				
				
				
				
				
				
				
				
				
				
				
				
				
				
				
				
				
				
				
				
				
				
				
				
				
				
				
				
				
				
				
				
				
				
				
				
				
				
				
				
				
				
				
				
				
				
				
				
				
				
				
				
				
				
				
				
				
				
				
				
				
				
				
				
				
				
				
				
				
				
				
				
				
				
				
				
				
				
				
				
				
				
				
				
				
				
				
				
				
				
				
				
				
				
				
				
				
				
				
				
				
				
				
				
				
				
				
				
				
				
				
				
				
				
				
				
				
				
				
				
				
				
				
				
				
				
				
				
				
				
				
				
				
				
				
				
				
				
				
				
				
				
				
				
				
				
				
				
				
				
				
				
				
				
				
				
				
				
				
				
				
				
				
				
				
				
				
				
				
				
				
				
				
				
				
				
				
				
				
				
				
				
				
				
				
				
				
				
				
				
				
				
				
				
				
				
				
				
				
				
				
				
				
				
				
				
				
				
				
				
				
				
				
				
				
				
				
				
				
				
				
				
				
				
				
				
				
				
				
				
				
				
				
				
				
				
				
				
				
				
				
				
				
				
				
				
				
				
				
				
				
				
				
				
				
				
				
				
				
				
				
				
				
				
				
				
				
				
				
				
				
				
				
				
				
				
				
				
				
				
				
				
				
				
				
				
				
				
				
				
				
				
				
				
				
				
				
				
				
				
				
				
				
				
				
				
				
				
				
				
				
				
				
				
				
				
				
				
				
				
