0	0	112.000	3445.000	0.033
0	50	150.000	3321.000	0.045
0	100	124.000	3273.000	0.038
0	150	138.000	3262.000	0.042
0	200	148.000	3187.000	0.046
0	250	163.000	3348.000	0.049
0	300	174.000	3430.000	0.051
0	350	204.000	3291.000	0.062
0	400	206.000	3355.000	0.061
0	450	209.000	3316.000	0.063
0	500	228.000	3297.000	0.069
0	550	220.000	3457.000	0.064
0	600	214.000	3594.000	0.060
0	650	261.000	3414.000	0.076
0	700	279.000	3299.000	0.085
0	750	248.000	3286.000	0.075
0	800	253.000	3417.000	0.074
0	850	291.000	3334.000	0.087
0	900	302.000	3409.000	0.089
0	950	299.000	3365.000	0.089
0	1000	301.000	3463.000	0.087
0	1050	341.000	3527.000	0.097
0	1100	362.000	3481.000	0.104
0	1150	358.000	3434.000	0.104
0	1200	419.000	3581.000	0.117
0	1250	387.000	3575.000	0.108
0	1300	384.000	3396.000	0.113
0	1350	412.000	3461.000	0.119
0	1400	418.000	3406.000	0.123
0	1450	455.000	3251.000	0.140
0	1500	420.000	3200.000	0.131
0	1550	416.000	3275.000	0.127
0	1600	454.000	3267.000	0.139
0	1650	460.000	3219.000	0.143
0	1700	465.000	3326.000	0.140
0	1750	474.000	3400.000	0.139
0	1800	460.000	3357.000	0.137
0	1850	463.000	3355.000	0.138
0	1900	532.000	3413.000	0.156
0	1950	509.000	3360.000	0.151
0	2000	523.000	3546.000	0.147
0	2050	548.000	3514.000	0.156
0	2100	536.000	3444.000	0.156
0	2150	581.000	3453.000	0.168
0	2200	582.000	3359.000	0.173
0	2250	626.000	3457.000	0.181
0	2300	599.000	3254.000	0.184
0	2350	603.000	3197.000	0.189
0	2400	634.000	3411.000	0.186
0	2450	634.000	3307.000	0.192
0	2500	596.000	3255.000	0.183
0	2550	583.000	3329.000	0.175
0	2600	572.000	3249.000	0.176
0	2650	617.000	3334.000	0.185
0	2700	582.000	3331.000	0.175
0	2750	621.000	3317.000	0.187
0	2800	510.000	3326.000	0.153
0	2850	469.000	3494.000	0.134
0	2900	471.000	3324.000	0.142
0	2950	381.000	3433.000	0.111
0	3000	347.000	3354.000	0.103
0	3050	359.000	3704.000	0.097
0	3100	319.000	3378.000	0.094
0	3150	240.000	3420.000	0.070
0	3200	222.000	3498.000	0.063
0	3250	221.000	3544.000	0.062
0	3300	189.000	3515.000	0.054
0	3350	152.000	3372.000	0.045
0	3400	136.000	3308.000	0.041
0	3450	99.000	3311.000	0.030
0	3500	79.000	3313.000	0.024
0	3550	61.000	3508.000	0.017
0	3600	66.000	3383.000	0.020
0	3650	61.000	3354.000	0.018
0	3700	40.000	3340.000	0.012
0	3750	38.000	3417.000	0.011
0	3800	26.000	3391.000	0.008
0	3850	21.000	3441.000	0.006
0	3900	19.000	3233.000	0.006
0	3950	9.000	3230.000	0.003
0	4000	20.000	3351.000	0.006
0	4050	7.000	3296.000	0.002
0	4100	18.000	3374.000	0.005
0	4150	14.000	3291.000	0.004
0	4200	13.000	3407.000	0.004
0	4250	12.000	3371.000	0.004
0	4300	14.000	3373.000	0.004
0	4350	13.000	3344.000	0.004
0	4400	10.000	3317.000	0.003
0	4450	10.000	3305.000	0.003
0	4500	5.000	3350.000	0.001
0	4550	11.000	3355.000	0.003
0	4600	2.000	3388.000	0.001
0	4650	9.000	3274.000	0.003
0	4700	6.000	3307.000	0.002
0	4750	4.000	3329.000	0.001
0	4800	2.000	3385.000	0.001
0	4850	3.000	3437.000	0.001
0	4900	3.000	3469.000	0.001
0	4950	2.000	3465.000	0.001
0	5000	1.000	3393.000	0.000
				
				
				
				
				
				
				
				
				
				
				
				
				
				
				
				
				
				
				
				
				
				
				
				
				
				
				
				
				
				
				
				
				
				
				
				
				
				
				
				
				
				
				
				
				
				
				
				
				
				
				
				
				
				
				
				
				
				
				
				
				
				
				
				
				
				
				
				
				
				
				
				
				
				
				
				
				
				
				
				
				
				
				
				
				
				
				
				
				
				
				
				
				
				
				
				
				
				
				
				
				
				
				
				
				
				
				
				
				
				
				
				
				
				
				
				
				
				
				
				
				
				
				
				
				
				
				
				
				
				
				
				
				
				
				
				
				
				
				
				
				
				
				
				
				
				
				
				
				
				
				
				
				
				
				
				
				
				
				
				
				
				
				
				
				
				
				
				
				
				
				
				
				
				
				
				
				
				
				
				
				
				
				
				
				
				
				
				
				
				
				
				
				
				
				
				
				
				
				
				
				
				
				
				
				
				
				
				
				
				
				
				
				
				
				
				
				
				
				
				
				
				
				
				
				
				
				
				
				
				
				
				
				
				
				
				
				
				
				
				
				
				
				
				
				
				
				
				
				
				
				
				
				
				
				
				
				
				
				
				
				
				
				
				
				
				
				
				
				
				
				
				
				
				
				
				
				
				
				
				
				
				
				
				
				
				
				
				
				
				
				
				
				
				
				
				
				
				
				
				
				
				
				
				
				
				
				
				
				
				
				
				
				
				
				
				
				
				
				
				
				
				
				
				
				
				
				
				
				
				
				
				
				
				
				
				
				
				
				
				
				
				
				
				
				
				
				
				
				
				
				
				
				
				
				
				
				
				
				
				
				
				
				
				
				
				
				
				
				
				
				
				
				
				
				
				
				
				
				
				
				
				
				
				
				
				
				
				
				
				
				
				
				
				
				
				
				
				
				
				
				
				
				
				
				
				
				
				
				
				
				
				
				
				
				
				
				
				
				
				
				
				
				
				
				
				
				
				
				
				
				
				
				
				
				
				
				
				
				
				
				
				
				
				
				
				
				
				
				
				
				
				
				
				
				
				
				
				
				
				
				
				
				
				
				
				
				
				
				
				
				
				
				
				
				
				
				
				
				
				
				
				
				
				
				
				
				
				
				
				
				
				
				
				
				
				
				
				
				
				
				
				
				
				
				
				
				
				
				
				
				
				
				
				
				
				
				
				
				
				
				
				
				
				
				
				
				
				
				
				
				
				
				
				
				
				
				
				
				
				
				
				
				
				
				
				
				
				
				
				
				
				
				
				
				
				
				
				
				
				
				
				
				
				
				
				
				
				
				
				
				
				
				
				
				
				
				
				
				
				
				
				
				
				
				
				
				
				
				
				
				
				
				
				
				
				
				
				
				
				
				
				
				
				
				
				
				
				
				
				
				
				
				
				
				
				
				
				
				
				
				
				
				
				
				
				
				
				
				
				
				
				
				
				
				
				
				
				
				
				
				
				
				
				
				
				
				
				
				
				
				
				
				
				
				
				
				
				
				
				
				
				
				
				
				
				
				
				
				
				
				
				
				
				
				
				
				
				
				
				
				
				
				
				
				
				
				
				
				
				
				
				
				
				
				
				
				
				
				
				
				
				
				
				
				
				
				
				
				
				
				
				
				
				
				
				
				
				
				
				
				
				
				
				
				
				
				
				
				
				
				
				
				
				
				
				
				
				
				
				
				
				
				
				
				
				
				
				
				
				
				
				
				
				
				
				
				
				
				
				
				
				
				
				
				
				
				
				
				
				
				
				
				
				
				
				
				
				
				
				
				
				
				
				
				
				
				
				
				
				
				
				
				
				
				
				
				
				
				
				
				
				
				
				
				
				
				
				
				
				
				
				
				
				
				
				
				
				
				
				
				
				
				
				
				
				
				
				
				
				
				
				
				
				
				
				
				
				
				
				
				
				
				
				
				
				
				
				
				
				
				
				
				
				
				
				
				
				
				
				
				
				
				
				
				
				
				
				
				
				
				
				
				
				
				
				
				
				
				
				
				
				
				
				
				
				
				
				
				
				
				
				
				
				
				
				
				
				
				
