0	0	1.000	1377.000	0.001
0	50	0.000	1327.000	0.000
0	100	2.000	1267.000	0.002
0	150	2.000	1288.000	0.002
0	200	2.000	1341.000	0.001
0	250	0.000	1276.000	0.000
0	300	1.000	1380.000	0.001
0	350	0.000	1448.000	0.000
0	400	1.000	1313.000	0.001
0	450	2.000	1355.000	0.001
0	500	2.000	1353.000	0.001
0	550	6.000	1325.000	0.005
0	600	17.000	1339.000	0.013
0	650	163.000	1313.000	0.124
0	700	332.000	1363.000	0.244
0	750	53.000	1312.000	0.040
0	800	129.000	1334.000	0.097
0	850	254.000	1298.000	0.196
0	900	284.000	1426.000	0.199
0	950	76.000	1333.000	0.057
0	1000	77.000	1303.000	0.059
0	1050	43.000	1290.000	0.033
0	1100	35.000	1305.000	0.027
0	1150	33.000	1543.000	0.021
0	1200	62.000	1304.000	0.048
0	1250	70.000	1358.000	0.052
0	1300	127.000	1306.000	0.097
0	1350	127.000	1310.000	0.097
0	1400	359.000	1242.000	0.289
0	1450	403.000	1296.000	0.311
0	1500	336.000	1329.000	0.253
0	1550	85.000	1316.000	0.065
0	1600	69.000	1459.000	0.047
0	1650	95.000	1429.000	0.066
0	1700	36.000	1306.000	0.028
0	1750	21.000	1377.000	0.015
0	1800	19.000	1388.000	0.014
0	1850	21.000	1374.000	0.015
0	1900	20.000	1364.000	0.015
0	1950	34.000	1341.000	0.025
0	2000	19.000	1391.000	0.014
0	2050	5.000	1346.000	0.004
0	2100	1.000	1334.000	0.001
0	2150	0.000	1315.000	0.000
0	2200	1.000	1352.000	0.001
0	2250	0.000	1325.000	0.000
0	2300	0.000	1400.000	0.000
0	2350	2.000	1400.000	0.001
0	2400	0.000	1407.000	0.000
0	2450	1.000	1456.000	0.001
0	2500	0.000	1430.000	0.000
0	2550	0.000	1381.000	0.000
0	2600	0.000	1389.000	0.000
0	2650	0.000	1432.000	0.000
0	2700	0.000	1389.000	0.000
0	2750	1.000	1516.000	0.001
0	2800	2.000	1494.000	0.001
0	2850	0.000	1481.000	0.000
0	2900	0.000	1416.000	0.000
0	2950	0.000	1414.000	0.000
0	3000	1.000	1417.000	0.001
0	3050	0.000	1329.000	0.000
0	3100	2.000	1312.000	0.002
0	3150	1.000	1397.000	0.001
0	3200	3.000	1303.000	0.002
0	3250	0.000	1283.000	0.000
0	3300	0.000	1351.000	0.000
0	3350	3.000	1246.000	0.002
0	3400	3.000	1355.000	0.002
0	3450	1.000	1336.000	0.001
0	3500	0.000	1312.000	0.000
0	3550	1.000	1242.000	0.001
0	3600	1.000	1232.000	0.001
0	3650	0.000	1285.000	0.000
0	3700	0.000	1303.000	0.000
0	3750	1.000	1315.000	0.001
0	3800	0.000	1395.000	0.000
0	3850	0.000	1369.000	0.000
0	3900	3.000	1367.000	0.002
0	3950	1.000	1352.000	0.001
0	4000	1.000	1402.000	0.001
				
				
				
				
				
				
				
				
				
				
				
				
				
				
				
				
				
				
				
				
				
				
				
				
				
				
				
				
				
				
				
				
				
				
				
				
				
				
				
				
				
				
				
				
				
				
				
				
				
				
				
				
				
				
				
				
				
				
				
				
				
				
				
				
				
				
				
				
				
				
				
				
				
				
				
				
				
				
				
				
				
				
				
				
				
				
				
				
				
				
				
				
				
				
				
				
				
				
				
				
				
				
				
				
				
				
				
				
				
				
				
				
				
				
				
				
				
				
				
				
				
				
				
				
				
				
				
				
				
				
				
				
				
				
				
				
				
				
				
				
				
				
				
				
				
				
				
				
				
				
				
				
				
				
				
				
				
				
				
				
				
				
				
				
				
				
				
				
				
				
				
				
				
				
				
				
				
				
				
				
				
				
				
				
				
				
				
				
				
				
				
				
				
				
				
				
				
				
				
				
				
				
				
				
				
				
				
				
				
				
				
				
				
				
				
				
				
				
				
				
				
				
				
				
				
				
				
				
				
				
				
				
				
				
				
				
				
				
				
				
				
				
				
				
				
				
				
				
				
				
				
				
				
				
				
				
				
				
				
				
				
				
				
				
				
				
				
				
				
				
				
				
				
				
				
				
				
				
				
				
				
				
				
				
				
				
				
				
				
				
				
				
				
				
				
				
				
				
				
				
				
				
				
				
				
				
				
				
				
				
				
				
				
				
				
				
				
				
				
				
				
				
				
				
				
				
				
				
				
				
				
				
				
				
				
				
				
				
				
				
				
				
				
				
				
				
				
				
				
				
				
				
				
				
				
				
				
				
				
				
				
				
				
				
				
				
				
				
				
				
				
				
				
				
				
				
				
				
				
				
				
				
				
				
				
				
				
				
				
				
				
				
				
				
				
				
				
				
				
				
				
				
				
				
				
				
				
				
				
				
				
				
				
				
				
				
				
				
				
				
				
				
				
				
				
				
				
				
				
				
				
				
				
				
				
				
				
				
				
				
				
				
				
				
				
				
				
				
				
				
				
				
				
				
				
				
				
				
				
				
				
				
				
				
				
				
				
				
				
				
				
				
				
				
				
				
				
				
				
				
				
				
				
				
				
				
				
				
				
				
				
				
				
				
				
				
				
				
				
				
				
				
				
				
				
				
				
				
				
				
				
				
				
				
				
				
				
				
				
				
				
				
				
				
				
				
				
				
				
				
				
				
				
				
				
				
				
				
				
				
				
				
				
				
				
				
				
				
				
				
				
				
				
				
				
				
				
				
				
				
				
				
				
				
				
				
				
				
				
				
				
				
				
				
				
				
				
				
				
				
				
				
				
				
				
				
				
				
				
				
				
				
				
				
				
				
				
				
				
				
				
				
				
				
				
				
				
				
				
				
				
				
				
				
				
				
				
				
				
				
				
				
				
				
				
				
				
				
				
				
				
				
				
				
				
				
				
				
				
				
				
				
				
				
				
				
				
				
				
				
				
				
				
				
				
				
				
				
				
				
				
				
				
				
				
				
				
				
				
				
				
				
				
				
				
				
				
				
				
				
				
				
				
				
				
				
				
				
				
				
				
				
				
				
				
				
				
				
				
				
				
				
				
				
				
				
				
				
				
				
				
				
				
				
				
				
				
				
				
				
				
				
				
				
				
				
				
				
				
				
				
				
				
				
				
				
				
				
				
				
				
				
				
				
				
				
				
				
				
				
				
				
				
				
				
				
				
				
				
				
				
				
				
				
				
				
				
				
				
				
				
				
				
				
				
				
				
				
				
				
				
				
				
				
				
				
				
				
				
				
				
				
				
				
				
				
				
				
				
				
				
				
				
				
				
				
				
				
				
				
				
				
				
				
				
				
				
				
				
				
				
				
				
				
				
				
				
				
				
				
				
				
				
				
				
				
				
				
				
				
				
				
				
				
				
				
				
				
				
				
				
				
				
				
				
				
				
				
				
				
				
				
				
				
				
				
				
				
				
				
				
				
				
				
				
				
				
				
				
				
				
				
				
				
				
				
				
				
				
				
				
				
				
				
				
				
				
				
				
				
				
				
				
				
				
				
				
				
				
				
				
				
				
				
				
				
				
				
				
