0	200	5.000	2795.000	0.002
0	150	5.000	2767.000	0.002
0	-50	6.000	2626.000	0.002
0	0	1.000	2741.000	0.000
0	50	4.000	2700.000	0.001
0	100	5.000	2675.000	0.002
0	150	12.000	2604.000	0.005
0	200	4.000	2617.000	0.002
0	250	6.000	2673.000	0.002
0	300	7.000	2620.000	0.003
0	350	9.000	2566.000	0.004
0	400	7.000	2641.000	0.003
0	450	7.000	2693.000	0.003
0	500	8.000	2623.000	0.003
0	550	9.000	2647.000	0.003
0	600	9.000	2733.000	0.003
0	650	9.000	2718.000	0.003
0	700	7.000	2681.000	0.003
0	750	10.000	2710.000	0.004
0	800	12.000	2698.000	0.004
0	850	10.000	2723.000	0.004
0	900	12.000	2767.000	0.004
0	950	12.000	2712.000	0.004
0	1000	12.000	2644.000	0.005
0	1050	13.000	2651.000	0.005
0	1100	17.000	2611.000	0.007
0	1150	0.000	27.000	0.000
0	1200	24.000	2546.000	0.009
0	1250	29.000	2610.000	0.011
0	1300	45.000	2639.000	0.017
0	1350	53.000	2691.000	0.020
0	1400	52.000	2591.000	0.020
0	1450	71.000	2723.000	0.026
0	1500	65.000	2723.000	0.024
0	1550	49.000	2640.000	0.019
0	1600	47.000	2630.000	0.018
0	1650	48.000	2639.000	0.018
0	1700	56.000	2697.000	0.021
0	1750	64.000	2748.000	0.023
0	1800	58.000	2709.000	0.021
0	1850	72.000	2695.000	0.027
0	1900	83.000	2623.000	0.032
0	1950	125.000	2542.000	0.049
0	2000	125.000	2735.000	0.046
0	2050	125.000	2698.000	0.046
0	2100	86.000	2697.000	0.032
0	2150	77.000	2796.000	0.028
0	2200	63.000	2622.000	0.024
0	2250	54.000	2589.000	0.021
0	2300	29.000	2628.000	0.011
0	2350	31.000	2582.000	0.012
0	2400	36.000	2669.000	0.013
0	2450	17.000	2651.000	0.006
0	2500	33.000	2508.000	0.013
0	2550	31.000	2595.000	0.012
0	2600	22.000	2521.000	0.009
0	2650	26.000	2445.000	0.011
0	2700	24.000	2459.000	0.010
0	2750	20.000	2603.000	0.008
0	2800	28.000	2551.000	0.011
0	2850	25.000	2623.000	0.010
0	2900	25.000	2610.000	0.010
0	2950	21.000	2657.000	0.008
0	3000	29.000	2549.000	0.011
0	3050	21.000	2711.000	0.008
0	3100	33.000	2536.000	0.013
0	3150	23.000	2572.000	0.009
0	3200	28.000	2635.000	0.011
0	3250	22.000	2572.000	0.009
0	3300	21.000	2668.000	0.008
0	3350	25.000	2613.000	0.010
0	3400	20.000	2655.000	0.008
0	3450	21.000	2527.000	0.008
0	3500	22.000	2624.000	0.008
				
				
				
				
				
				
				
				
				
				
				
				
				
				
				
				
				
				
				
				
				
				
				
				
				
				
				
				
				
				
				
				
				
				
				
				
				
				
				
				
				
				
				
				
				
				
				
				
				
				
				
				
				
				
				
				
				
				
				
				
				
				
				
				
				
				
				
				
				
				
				
				
				
				
				
				
				
				
				
				
				
				
				
				
				
				
				
				
				
				
				
				
				
				
				
				
				
				
				
				
				
				
				
				
				
				
				
				
				
				
				
				
				
				
				
				
				
				
				
				
				
				
				
				
				
				
				
				
				
				
				
				
				
				
				
				
				
				
				
				
				
				
				
				
				
				
				
				
				
				
				
				
				
				
				
				
				
				
				
				
				
				
				
				
				
				
				
				
				
				
				
				
				
				
				
				
				
				
				
				
				
				
				
				
				
				
				
				
				
				
				
				
				
				
				
				
				
				
				
				
				
				
				
				
				
				
				
				
				
				
				
				
				
				
				
				
				
				
				
				
				
				
				
				
				
				
				
				
				
				
				
				
				
				
				
				
				
				
				
				
				
				
				
				
				
				
				
				
				
				
				
				
				
				
				
				
				
				
				
				
				
				
				
				
				
				
				
				
				
				
				
				
				
				
				
				
				
				
				
				
				
				
				
				
				
				
				
				
				
				
				
				
				
				
				
				
				
				
				
				
				
				
				
				
				
				
				
				
				
				
				
				
				
				
				
				
				
				
				
				
				
				
				
				
				
				
				
				
				
				
				
				
				
				
				
				
				
				
				
				
				
				
				
				
				
				
				
				
				
				
				
				
				
				
				
				
				
				
				
				
				
				
				
				
				
				
				
				
				
				
				
				
				
				
				
				
				
				
				
				
				
				
				
				
				
				
				
				
				
				
				
				
				
				
				
				
				
				
				
				
				
				
				
				
				
				
				
				
				
				
				
				
				
				
				
				
				
				
				
				
				
				
				
				
				
				
				
				
				
				
				
				
				
				
				
				
				
				
				
				
				
				
				
				
				
				
				
				
				
				
				
				
				
				
				
				
				
				
				
				
				
				
				
				
				
				
				
				
				
				
				
				
				
				
				
				
				
				
				
				
				
				
				
				
				
				
				
				
				
				
				
				
				
				
				
				
				
				
				
				
				
				
				
				
				
				
				
				
				
				
				
				
				
				
				
				
				
				
				
				
				
				
				
				
				
				
				
				
				
				
				
				
				
				
				
				
				
				
				
				
				
				
				
				
				
				
				
				
				
				
				
				
				
				
				
				
				
				
				
				
				
				
				
				
				
				
				
				
				
				
				
				
				
				
				
				
				
				
				
				
				
				
				
				
				
				
				
				
				
				
				
				
				
				
				
				
				
				
				
				
				
				
				
				
				
				
				
				
				
				
				
				
				
				
				
				
				
				
				
				
				
				
				
				
				
				
				
				
				
				
				
				
				
				
				
				
				
				
				
				
				
				
				
				
				
				
				
				
				
				
				
				
				
				
				
				
				
				
				
				
				
				
				
				
				
				
				
				
				
				
				
				
				
				
				
				
				
				
				
				
				
				
				
				
				
				
				
				
				
				
				
				
				
				
				
				
				
				
				
				
				
				
				
				
				
				
				
				
				
				
				
				
				
				
				
				
				
				
				
				
				
				
				
				
				
				
				
				
				
				
				
				
				
				
				
				
				
				
				
				
				
				
				
				
				
				
				
				
				
				
				
				
				
				
				
				
				
				
				
				
				
				
				
				
				
				
				
				
				
				
				
				
				
				
				
				
				
				
				
				
				
				
				
				
				
				
				
				
				
				
				
				
				
				
				
				
				
				
				
				
				
				
				
				
				
				
				
				
				
				
				
				
				
				
				
				
				
				
				
				
				
				
				
				
				
				
				
				
				
				
				
				
				
				
				
				
				
				
				
				
				
				
				
				
				
				
				
				
				
				
				
				
				
				
				
				
				
				
				
				
				
				
				
				
				
				
				
				
				
				
				
				
				
				
				
				
				
				
				
				
				
				
				
				
				
				
				
				
				
				
				
				
				
				
				
				
				
				
				
				
				
				
				
				
				
				
				
				
				
				
				
				
				
				
				
				
				
				
				
				
				
				
				
				
				
				
