0	0	0.000	7715.000	0.000
0	50	3.000	9751.000	0.000
0	100	0.000	10393.000	0.000
0	150	0.000	10151.000	0.000
0	200	0.000	10018.000	0.000
0	250	0.000	10350.000	0.000
0	300	0.000	10251.000	0.000
0	350	1.000	9906.000	0.000
0	400	0.000	9619.000	0.000
0	450	0.000	9741.000	0.000
0	500	0.000	9673.000	0.000
0	550	0.000	9409.000	0.000
0	600	0.000	9476.000	0.000
0	650	0.000	9165.000	0.000
0	700	0.000	8935.000	0.000
0	750	0.000	9125.000	0.000
0	800	0.000	8808.000	0.000
0	850	1.000	8648.000	0.000
0	900	1.000	8777.000	0.000
0	950	0.000	8885.000	0.000
0	1000	1.000	8962.000	0.000
0	1050	0.000	8996.000	0.000
0	1100	0.000	9172.000	0.000
0	1150	0.000	8611.000	0.000
0	1200	1.000	8529.000	0.000
0	1250	0.000	8251.000	0.000
0	1300	0.000	8538.000	0.000
0	1350	0.000	8561.000	0.000
0	1400	0.000	8386.000	0.000
0	1450	0.000	8398.000	0.000
0	1500	0.000	8490.000	0.000
0	1550	0.000	8417.000	0.000
0	1600	0.000	8304.000	0.000
0	1650	0.000	8430.000	0.000
0	1700	0.000	8284.000	0.000
0	1750	0.000	7923.000	0.000
0	1800	0.000	7802.000	0.000
0	1850	0.000	8018.000	0.000
0	1900	0.000	7975.000	0.000
0	1950	0.000	7947.000	0.000
0	2000	1.000	7735.000	0.000
0	2050	0.000	7769.000	0.000
0	2100	0.000	7986.000	0.000
0	2150	0.000	7826.000	0.000
0	2200	0.000	7942.000	0.000
0	2250	0.000	7992.000	0.000
0	2300	0.000	7904.000	0.000
0	2350	0.000	7657.000	0.000
0	2400	0.000	7553.000	0.000
0	2450	0.000	7522.000	0.000
0	2500	0.000	7483.000	0.000
0	2550	0.000	7633.000	0.000
0	2600	0.000	7352.000	0.000
0	2650	0.000	7201.000	0.000
0	2700	0.000	7278.000	0.000
0	2750	0.000	7276.000	0.000
0	2800	0.000	7428.000	0.000
0	2850	0.000	7294.000	0.000
0	2900	0.000	7530.000	0.000
0	2950	0.000	7176.000	0.000
0	3000	0.000	6990.000	0.000
0	3050	0.000	7093.000	0.000
0	3100	0.000	6893.000	0.000
0	3150	0.000	7102.000	0.000
0	3200	0.000	7098.000	0.000
0	3250	0.000	7076.000	0.000
0	3300	0.000	7053.000	0.000
0	3350	0.000	7199.000	0.000
0	3400	0.000	7034.000	0.000
0	3450	0.000	7237.000	0.000
0	3500	1.000	7494.000	0.000
0	3550	0.000	7252.000	0.000
0	3600	0.000	7282.000	0.000
0	3650	0.000	7069.000	0.000
0	3700	0.000	7378.000	0.000
0	3750	1.000	7524.000	0.000
0	3800	0.000	7449.000	0.000
0	3850	0.000	7384.000	0.000
0	3900	0.000	7264.000	0.000
0	3950	0.000	7441.000	0.000
0	4000	1.000	7614.000	0.000
				
				
				
				
				
				
				
				
				
				
				
				
				
				
				
				
				
				
				
				
				
				
				
				
				
				
				
				
				
				
				
				
				
				
				
				
				
				
				
				
				
				
				
				
				
				
				
				
				
				
				
				
				
				
				
				
				
				
				
				
				
				
				
				
				
				
				
				
				
				
				
				
				
				
				
				
				
				
				
				
				
				
				
				
				
				
				
				
				
				
				
				
				
				
				
				
				
				
				
				
				
				
				
				
				
				
				
				
				
				
				
				
				
				
				
				
				
				
				
				
				
				
				
				
				
				
				
				
				
				
				
				
				
				
				
				
				
				
				
				
				
				
				
				
				
				
				
				
				
				
				
				
				
				
				
				
				
				
				
				
				
				
				
				
				
				
				
				
				
				
				
				
				
				
				
				
				
				
				
				
				
				
				
				
				
				
				
				
				
				
				
				
				
				
				
				
				
				
				
				
				
				
				
				
				
				
				
				
				
				
				
				
				
				
				
				
				
				
				
				
				
				
				
				
				
				
				
				
				
				
				
				
				
				
				
				
				
				
				
				
				
				
				
				
				
				
				
				
				
				
				
				
				
				
				
				
				
				
				
				
				
				
				
				
				
				
				
				
				
				
				
				
				
				
				
				
				
				
				
				
				
				
				
				
				
				
				
				
				
				
				
				
				
				
				
				
				
				
				
				
				
				
				
				
				
				
				
				
				
				
				
				
				
				
				
				
				
				
				
				
				
				
				
				
				
				
				
				
				
				
				
				
				
				
				
				
				
				
				
				
				
				
				
				
				
				
				
				
				
				
				
				
				
				
				
				
				
				
				
				
				
				
				
				
				
				
				
				
				
				
				
				
				
				
				
				
				
				
				
				
				
				
				
				
				
				
				
				
				
				
				
				
				
				
				
				
				
				
				
				
				
				
				
				
				
				
				
				
				
				
				
				
				
				
				
				
				
				
				
				
				
				
				
				
				
				
				
				
				
				
				
				
				
				
				
				
				
				
				
				
				
				
				
				
				
				
				
				
				
				
				
				
				
				
				
				
				
				
				
				
				
				
				
				
				
				
				
				
				
				
				
				
				
				
				
				
				
				
				
				
				
				
				
				
				
				
				
				
				
				
				
				
				
				
				
				
				
				
				
				
				
				
				
				
				
				
				
				
				
				
				
				
				
				
				
				
				
				
				
				
				
				
				
				
				
				
				
				
				
				
				
				
				
				
				
				
				
				
				
				
				
				
				
				
				
				
				
				
				
				
				
				
				
				
				
				
				
				
				
				
				
				
				
				
				
				
				
				
				
				
				
				
				
				
				
				
				
				
				
				
				
				
				
				
				
				
				
				
				
				
				
				
				
				
				
				
				
				
				
				
				
				
				
				
				
				
				
				
				
				
				
				
				
				
				
				
				
				
				
				
				
				
				
				
				
				
				
				
				
				
				
				
				
				
				
				
				
				
				
				
				
				
				
				
				
				
				
				
				
				
				
				
				
				
				
				
				
				
				
				
				
				
				
				
				
				
				
				
				
				
				
				
				
				
				
				
				
				
				
				
				
				
				
				
				
				
				
				
				
				
				
				
				
				
				
				
				
				
				
				
				
				
				
				
				
				
				
				
				
				
				
				
				
				
				
				
				
				
				
				
				
				
				
				
				
				
				
				
				
				
				
				
				
				
				
				
				
				
				
				
				
				
				
				
				
				
				
				
				
				
				
				
				
				
				
				
				
				
				
				
				
				
				
				
				
				
				
				
				
				
				
				
				
				
				
				
				
				
				
				
				
				
				
				
				
				
				
				
				
				
				
				
				
				
				
				
				
				
				
				
				
				
				
				
				
				
				
				
				
				
				
				
				
				
				
				
				
				
				
				
				
				
				
				
				
				
				
				
				
				
				
				
				
				
				
				
				
				
				
				
				
				
				
				
				
				
				
				
				
				
				
				
				
				
				
				
				
				
				
				
				
				
				
				
				
				
				
				
				
				
				
				
				
				
				
				
				
				
				
				
				
				
				
				
				
				
				
				
				
				
				
				
				
				
				
				
				
				
				
				
				
				
				
				
				
				
				
				
				
				
				
				
				
				
				
				
				
				
				
