0	0	44.000	1656.000	0.027
0	50	66.000	1625.000	0.041
0	100	66.000	1650.000	0.040
0	150	51.000	1665.000	0.031
0	200	57.000	1627.000	0.035
0	250	65.000	1579.000	0.041
0	300	61.000	1626.000	0.038
0	350	67.000	1531.000	0.044
0	400	70.000	1594.000	0.044
0	450	58.000	1572.000	0.037
0	500	74.000	1684.000	0.044
0	550	65.000	1646.000	0.039
0	600	57.000	1737.000	0.033
0	650	76.000	1623.000	0.047
0	700	59.000	1557.000	0.038
0	750	72.000	1702.000	0.042
0	800	74.000	1637.000	0.045
0	850	76.000	1650.000	0.046
0	900	63.000	1614.000	0.039
0	950	67.000	1612.000	0.042
0	1000	80.000	1676.000	0.048
0	1050	74.000	1649.000	0.045
0	1100	80.000	1669.000	0.048
0	1150	78.000	1652.000	0.047
0	1200	81.000	1586.000	0.051
0	1250	80.000	1614.000	0.050
0	1300	88.000	1643.000	0.054
0	1350	94.000	1687.000	0.056
0	1400	88.000	1759.000	0.050
0	1450	100.000	1603.000	0.062
0	1500	100.000	1626.000	0.062
0	1550	89.000	1701.000	0.052
0	1600	98.000	1666.000	0.059
0	1650	83.000	1644.000	0.050
0	1700	227.000	1767.000	0.128
0	1750	181.000	1612.000	0.112
0	1800	570.000	1556.000	0.366
0	1850	116.000	1656.000	0.070
0	1900	222.000	1757.000	0.126
0	1950	142.000	1542.000	0.092
0	2000	97.000	1719.000	0.056
0	2050	111.000	1760.000	0.063
0	2100	106.000	1679.000	0.063
0	2150	159.000	1690.000	0.094
0	2200	121.000	1697.000	0.071
0	2250	114.000	1828.000	0.062
0	2300	82.000	1699.000	0.048
0	2350	92.000	1683.000	0.055
0	2400	71.000	1725.000	0.041
0	2450	99.000	1777.000	0.056
0	2500	94.000	1731.000	0.054
0	2550	100.000	1681.000	0.059
0	2600	90.000	1743.000	0.052
0	2650	82.000	1619.000	0.051
0	2700	87.000	1755.000	0.050
0	2750	93.000	1686.000	0.055
0	2800	89.000	1631.000	0.055
0	2850	80.000	1768.000	0.045
0	2900	106.000	1744.000	0.061
0	2950	85.000	1739.000	0.049
0	3000	80.000	1614.000	0.050
0	3050	73.000	1642.000	0.044
0	3100	99.000	1695.000	0.058
0	3150	81.000	1644.000	0.049
0	3200	0.000	91.000	0.000
0	3250	92.000	1779.000	0.052
0	3300	90.000	1814.000	0.050
0	3350	66.000	1704.000	0.039
0	3400	78.000	1729.000	0.045
0	3450	83.000	1651.000	0.050
0	3500	71.000	1672.000	0.042
0	3550	79.000	1807.000	0.044
0	3600	74.000	1732.000	0.043
0	3650	69.000	1792.000	0.039
0	3700	71.000	1812.000	0.039
0	3750	86.000	1680.000	0.051
0	3800	72.000	1672.000	0.043
0	3850	61.000	1713.000	0.036
0	3900	60.000	1659.000	0.036
0	3950	76.000	1769.000	0.043
0	4000	73.000	1742.000	0.042
				
				
				
				
				
				
				
				
				
				
				
				
				
				
				
				
				
				
				
				
				
				
				
				
				
				
				
				
				
				
				
				
				
				
				
				
				
				
				
				
				
				
				
				
				
				
				
				
				
				
				
				
				
				
				
				
				
				
				
				
				
				
				
				
				
				
				
				
				
				
				
				
				
				
				
				
				
				
				
				
				
				
				
				
				
				
				
				
				
				
				
				
				
				
				
				
				
				
				
				
				
				
				
				
				
				
				
				
				
				
				
				
				
				
				
				
				
				
				
				
				
				
				
				
				
				
				
				
				
				
				
				
				
				
				
				
				
				
				
				
				
				
				
				
				
				
				
				
				
				
				
				
				
				
				
				
				
				
				
				
				
				
				
				
				
				
				
				
				
				
				
				
				
				
				
				
				
				
				
				
				
				
				
				
				
				
				
				
				
				
				
				
				
				
				
				
				
				
				
				
				
				
				
				
				
				
				
				
				
				
				
				
				
				
				
				
				
				
				
				
				
				
				
				
				
				
				
				
				
				
				
				
				
				
				
				
				
				
				
				
				
				
				
				
				
				
				
				
				
				
				
				
				
				
				
				
				
				
				
				
				
				
				
				
				
				
				
				
				
				
				
				
				
				
				
				
				
				
				
				
				
				
				
				
				
				
				
				
				
				
				
				
				
				
				
				
				
				
				
				
				
				
				
				
				
				
				
				
				
				
				
				
				
				
				
				
				
				
				
				
				
				
				
				
				
				
				
				
				
				
				
				
				
				
				
				
				
				
				
				
				
				
				
				
				
				
				
				
				
				
				
				
				
				
				
				
				
				
				
				
				
				
				
				
				
				
				
				
				
				
				
				
				
				
				
				
				
				
				
				
				
				
				
				
				
				
				
				
				
				
				
				
				
				
				
				
				
				
				
				
				
				
				
				
				
				
				
				
				
				
				
				
				
				
				
				
				
				
				
				
				
				
				
				
				
				
				
				
				
				
				
				
				
				
				
				
				
				
				
				
				
				
				
				
				
				
				
				
				
				
				
				
				
				
				
				
				
				
				
				
				
				
				
				
				
				
				
				
				
				
				
				
				
				
				
				
				
				
				
				
				
				
				
				
				
				
				
				
				
				
				
				
				
				
				
				
				
				
				
				
				
				
				
				
				
				
				
				
				
				
				
				
				
				
				
				
				
				
				
				
				
				
				
				
				
				
				
				
				
				
				
				
				
				
				
				
				
				
				
				
				
				
				
				
				
				
				
				
				
				
				
				
				
				
				
				
				
				
				
				
				
				
				
				
				
				
				
				
				
				
				
				
				
				
				
				
				
				
				
				
				
				
				
				
				
				
				
				
				
				
				
				
				
				
				
				
				
				
				
				
				
				
				
				
				
				
				
				
				
				
				
				
				
				
				
				
				
				
				
				
				
				
				
				
				
				
				
				
				
				
				
				
				
				
				
				
				
				
				
				
				
				
				
				
				
				
				
				
				
				
				
				
				
				
				
				
				
				
				
				
				
				
				
				
				
				
				
				
				
				
				
				
				
				
				
				
				
				
				
				
				
				
				
				
				
				
				
				
				
				
				
				
				
				
				
				
				
				
				
				
				
				
				
				
				
				
				
				
				
				
				
				
				
				
				
				
				
				
				
				
				
				
				
				
				
				
				
				
				
				
				
				
				
				
				
				
				
				
				
				
				
				
				
				
				
				
				
				
				
				
				
				
				
				
				
				
				
				
				
				
				
				
				
				
				
				
				
				
				
				
				
				
				
				
				
				
				
				
				
				
				
				
				
				
				
				
				
				
				
				
				
				
				
				
				
				
				
				
				
				
				
				
				
				
				
				
				
				
				
				
				
				
				
				
				
				
				
				
				
				
				
				
				
				
				
				
				
				
				
				
				
				
				
				
				
				
				
				
				
				
				
				
				
				
				
				
				
				
				
				
				
				
				
				
				
				
				
				
				
				
				
				
				
				
				
				
				
				
				
				
				
				
				
				
				
				
				
				
				
				
				
				
				
				
				
				
				
				
				
				
				
				
				
				
				
				
				
				
				
				
				
				
				
				
				
				
				
				
				
				
				
				
				
				
				
				
				
				
				
