0	0	1.000	2187.000	0.000
0	50	0.000	10.000	0.000
0	100	1.000	2094.000	0.000
0	150	0.000	2.000	0.000
0	200	0.000	27.000	0.000
0	250	31.000	2094.000	0.015
0	300	21.000	2112.000	0.010
0	350	20.000	2175.000	0.009
0	400	16.000	2118.000	0.008
0	450	22.000	2079.000	0.011
0	500	37.000	2215.000	0.017
0	550	29.000	2135.000	0.014
0	600	40.000	2188.000	0.018
0	650	23.000	2241.000	0.010
0	700	26.000	2130.000	0.012
0	750	28.000	2191.000	0.013
0	800	22.000	1942.000	0.011
0	850	22.000	2104.000	0.010
0	900	33.000	2177.000	0.015
0	950	25.000	2041.000	0.012
0	1000	24.000	2060.000	0.012
0	1050	25.000	2166.000	0.012
0	1100	18.000	2024.000	0.009
0	1150	17.000	1956.000	0.009
0	1200	20.000	1823.000	0.011
0	1250	17.000	2016.000	0.008
0	1300	18.000	2083.000	0.009
0	1350	39.000	2150.000	0.018
0	1400	19.000	2014.000	0.009
0	1450	21.000	2121.000	0.010
0	1500	28.000	2060.000	0.014
0	1550	26.000	2156.000	0.012
0	1600	28.000	2175.000	0.013
0	1650	22.000	2033.000	0.011
0	1700	20.000	2078.000	0.010
0	1750	16.000	2071.000	0.008
0	1800	25.000	2204.000	0.011
0	1850	24.000	2165.000	0.011
0	1900	20.000	2261.000	0.009
0	1950	26.000	2095.000	0.012
0	2000	24.000	2144.000	0.011
0	2050	26.000	2205.000	0.012
0	2100	40.000	2255.000	0.018
0	2150	32.000	2058.000	0.016
0	2200	16.000	1772.000	0.009
0	2250	16.000	1969.000	0.008
0	2300	27.000	2124.000	0.013
0	2350	27.000	2197.000	0.012
0	2400	37.000	2168.000	0.017
0	2450	31.000	2128.000	0.015
0	2500	30.000	1936.000	0.015
0	2550	42.000	2289.000	0.018
0	2600	43.000	2193.000	0.020
0	2650	29.000	2035.000	0.014
0	2700	24.000	1820.000	0.013
0	2750	25.000	2300.000	0.011
0	2800	37.000	2115.000	0.017
0	2850	16.000	1908.000	0.008
0	2900	21.000	2114.000	0.010
0	2950	19.000	2067.000	0.009
0	3000	30.000	2178.000	0.014
0	3050	29.000	2077.000	0.014
0	3100	33.000	2082.000	0.016
0	3150	30.000	2123.000	0.014
0	3200	22.000	1969.000	0.011
0	3250	18.000	2054.000	0.009
0	3300	14.000	2060.000	0.007
0	3350	30.000	2121.000	0.014
0	3400	32.000	2202.000	0.015
0	3450	28.000	1947.000	0.014
0	3500	15.000	2048.000	0.007
0	3550	32.000	1985.000	0.016
0	3600	41.000	2142.000	0.019
0	3650	29.000	1875.000	0.015
0	3700	48.000	2319.000	0.021
0	3750	1.000	2053.000	0.000
0	3800	0.000	1892.000	0.000
0	3850	1.000	2006.000	0.000
0	3900	1.000	2186.000	0.000
0	3950	3.000	2482.000	0.001
0	4000	6.000	6106.000	0.001
				
				
				
				
				
				
				
				
				
				
				
				
				
				
				
				
				
				
				
				
				
				
				
				
				
				
				
				
				
				
				
				
				
				
				
				
				
				
				
				
				
				
				
				
				
				
				
				
				
				
				
				
				
				
				
				
				
				
				
				
				
				
				
				
				
				
				
				
				
				
				
				
				
				
				
				
				
				
				
				
				
				
				
				
				
				
				
				
				
				
				
				
				
				
				
				
				
				
				
				
				
				
				
				
				
				
				
				
				
				
				
				
				
				
				
				
				
				
				
				
				
				
				
				
				
				
				
				
				
				
				
				
				
				
				
				
				
				
				
				
				
				
				
				
				
				
				
				
				
				
				
				
				
				
				
				
				
				
				
				
				
				
				
				
				
				
				
				
				
				
				
				
				
				
				
				
				
				
				
				
				
				
				
				
				
				
				
				
				
				
				
				
				
				
				
				
				
				
				
				
				
				
				
				
				
				
				
				
				
				
				
				
				
				
				
				
				
				
				
				
				
				
				
				
				
				
				
				
				
				
				
				
				
				
				
				
				
				
				
				
				
				
				
				
				
				
				
				
				
				
				
				
				
				
				
				
				
				
				
				
				
				
				
				
				
				
				
				
				
				
				
				
				
				
				
				
				
				
				
				
				
				
				
				
				
				
				
				
				
				
				
				
				
				
				
				
				
				
				
				
				
				
				
				
				
				
				
				
				
				
				
				
				
				
				
				
				
				
				
				
				
				
				
				
				
				
				
				
				
				
				
				
				
				
				
				
				
				
				
				
				
				
				
				
				
				
				
				
				
				
				
				
				
				
				
				
				
				
				
				
				
				
				
				
				
				
				
				
				
				
				
				
				
				
				
				
				
				
				
				
				
				
				
				
				
				
				
				
				
				
				
				
				
				
				
				
				
				
				
				
				
				
				
				
				
				
				
				
				
				
				
				
				
				
				
				
				
				
				
				
				
				
				
				
				
				
				
				
				
				
				
				
				
				
				
				
				
				
				
				
				
				
				
				
				
				
				
				
				
				
				
				
				
				
				
				
				
				
				
				
				
				
				
				
				
				
				
				
				
				
				
				
				
				
				
				
				
				
				
				
				
				
				
				
				
				
				
				
				
				
				
				
				
				
				
				
				
				
				
				
				
				
				
				
				
				
				
				
				
				
				
				
				
				
				
				
				
				
				
				
				
				
				
				
				
				
				
				
				
				
				
				
				
				
				
				
				
				
				
				
				
				
				
				
				
				
				
				
				
				
				
				
				
				
				
				
				
				
				
				
				
				
				
				
				
				
				
				
				
				
				
				
				
				
				
				
				
				
				
				
				
				
				
				
				
				
				
				
				
				
				
				
				
				
				
				
				
				
				
				
				
				
				
				
				
				
				
				
				
				
				
				
				
				
				
				
				
				
				
				
				
				
				
				
				
				
				
				
				
				
				
				
				
				
				
				
				
				
				
				
				
				
				
				
				
				
				
				
				
				
				
				
				
				
				
				
				
				
				
				
				
				
				
				
				
				
				
				
				
				
				
				
				
				
				
				
				
				
				
				
				
				
				
				
				
				
				
				
				
				
				
				
				
				
				
				
				
				
				
				
				
				
				
				
				
				
				
				
				
				
				
				
				
				
				
				
				
				
				
				
				
				
				
				
				
				
				
				
				
				
				
				
				
				
				
				
				
				
				
				
				
				
				
				
				
				
				
				
				
				
				
				
				
				
				
				
				
				
				
				
				
				
				
				
				
				
				
				
				
				
				
				
				
				
				
				
				
				
				
				
				
				
				
				
				
				
				
				
				
				
				
				
				
				
				
				
				
				
				
				
				
				
				
				
				
				
				
				
				
				
				
				
				
				
				
				
				
				
				
				
				
				
				
				
				
				
				
				
				
				
				
				
				
				
				
				
				
				
				
				
				
				
				
				
				
				
				
				
				
				
				
				
				
				
				
				
				
				
				
				
				
				
				
				
				
				
				
				
				
				
				
				
				
				
				
				
				
				
				
				
				
				
				
				
				
				
				
				
				
				
				
				
				
				
				
				
				
				
				
				
				
				
				
				
				
				
				
				
				
				
				
				
				
				
				
				
				
				
				
